   R      RHORP    DRHORP     RHORN    DRHORN
   .05   .0642     .0288     .0552     .0246
   .15   .0616     .01056    .0544     .00934
   .25   .0528     .00588    .0478     .00534
   .35   .0496     .00402    .0472     .00384
   .45   .0566     .00332    .0562     .00332
   .55   .055      .00266    .0576     .00278
   .65   .056      .00224    .0616     .00246
   .75   .0554     .001908   .0634     .00218
   .85   .0582     .001724   .0704     .0021
   .95   .0548     .001468   .0688     .001838
  1.05   .0518     .00128    .069      .001696
  1.15   .0544     .001174   .075      .00161
  1.25   .0542     .00108    .0768     .001528
  1.35   .0528    9.88E-4    .078      .001448
  1.45   .0508    8.94E-4    .077      .001336
  1.55   .0496    8.08E-4    .077      .001236
  1.65   .0468    7.46E-4    .0756     .001184
  1.75   .0454    6.82E-4    .074      .001096
  1.85   .0416    6.18E-4    .0698     .001012
  1.95   .0386    5.64E-4    .066     9.36E-4
  2.05   .0352    5.06E-4    .0622    8.68E-4
  2.15   .033     4.68E-4    .0594    8.18E-4
  2.25   .0296    4.22E-4    .055     7.48E-4
  2.35   .0264    3.8E-4     .0502    6.92E-4
  2.45   .024     3.48E-4    .0466    6.42E-4
  2.55   .0204    3.1E-4     .0404    5.74E-4
  2.65   .01774   2.76E-4    .0366    5.34E-4
  2.75   .01554   2.5E-4     .033     4.92E-4
  2.85   .01318   2.18E-4    .0288    4.38E-4
  2.95   .01142   1.968E-4   .0256    4.06E-4
  3.05   .00942   1.738E-4   .0224    3.74E-4
  3.15   .00784   1.508E-4   .01878   3.28E-4
  3.25   .00638   1.318E-4   .01644   2.98E-4
  3.35   .00524   1.144E-4   .01428   2.76E-4
  3.45   .00418   9.94E-5    .01168   2.4E-4
  3.55   .00322   8.3E-5     .00962   2.16E-4
  3.65   .00266   7.3E-5     .00824   1.946E-4
  3.75   .00212   6.26E-5    .00722   1.806E-4
  3.85   .001718  5.46E-5    .00604   1.602E-4
  3.95   .001276  4.44E-5    .00494   1.424E-4
  4.05   .001066  3.98E-5    .0043    1.302E-4
  4.15  8.26E-4   3.42E-5    .00336   1.138E-4
  4.25  5.82E-4   2.76E-5    .00268   1.002E-4
  4.35  5.04E-4   2.46E-5    .0024    9.24E-5
  4.45  3.88E-4   2.04E-5    .00204   8.44E-5
  4.55  2.88E-4   1.7E-5     .001634  7.34E-5
  4.65  2.22E-4   1.446E-5   .001314  6.5E-5
  4.75  1.774E-4  1.23E-5    .001174  6.04E-5
  4.85  1.324E-4  1.062E-5  8.72E-4   5.08E-5
  4.95  9.32E-5   7.82E-6   7.26E-4   4.62E-5
  5.05  7.64E-5   7.42E-6   5.94E-4   4.12E-5
  5.15  6.36E-5   6.5E-6    4.86E-4   3.6E-5
  5.25  4.88E-5   5.46E-6   4.08E-4   3.26E-5
  5.35  3.36E-5   4.2E-6    3.08E-4   2.78E-5
  5.45  2.76E-5   4.12E-6   2.6E-4    2.56E-5
  5.55  2.06E-5   3.34E-6   1.834E-4  2.06E-5
  5.65  1.636E-5  2.68E-6   1.606E-4  1.908E-5
  5.75  1.078E-5  2.02E-6   1.384E-4  1.758E-5
  5.85  8.9E-6    1.9E-6    9.58E-5   1.43E-5
  5.95  7.28E-6   1.554E-6  9.16E-5   1.382E-5
  6.05  9.78E-6   2.02E-6   8.8E-5    1.318E-5
  6.15  5.58E-6   1.48E-6   5.54E-5   1.058E-5
  6.25  4.78E-6   1.29E-6   4.42E-5   9.04E-6
  6.35  2.86E-6   7.6E-7    4.26E-5   8.88E-6
  6.45  1.616E-6  5.08E-7   2.32E-5   6.44E-6
  6.55  7.9E-7    3.64E-7   1.776E-5  5.62E-6
  6.65  1.328E-6  6.44E-7   1.666E-5  5.3E-6
  6.75  7.6E-7    3.84E-7   9.72E-6   3.98E-6
  6.85  5.06E-7   2.52E-7   9.66E-6   3.94E-6
  6.95  3.06E-7   1.884E-7  9.58E-6   3.92E-6
  7.05  1.024E-6  5E-7      1.338E-5  4.48E-6
  7.15  1.078E-7  1.078E-7  1.448E-6  1.448E-6
  7.25  2.74E-7   2.58E-7   2.76E-6   1.954E-6
  7.35  1.514E-7  1.11E-7   2.8E-6    1.976E-6
  7.45  1.908E-7  1.482E-7  5.54E-6   2.78E-6
  7.55  4.32E-7   3.64E-7   2.36E-6   1.68E-6
  7.65  0         0         0         0
  7.75  0         0         0         0
  7.85  2.24E-7   2.24E-7   1.068E-6  1.068E-6
  7.95  0         0         0         0
  8.05  0         0         0         0
  8.15  0         0         0         0
  8.25  0         0         0         0
  8.35  0         0         0         0
  8.45  0         0         0         0
  8.55  0         0         0         0
  8.65  0         0         0         0
  8.75  0         0         0         0
  8.85  0         0         0         0
  8.95  0         0         0         0
  9.05  0         0         0         0
  9.15  0         0         0         0
  9.25  0         0         0         0
  9.35  0         0         0         0
  9.45  0         0         0         0
  9.55  0         0         0         0
  9.65  0         0         0         0
  9.75  0         0         0         0
  9.85  0         0         0         0
  9.95  0         0         0         0
 10.05  0         0         0         0
 10.15  0         0         0         0
 10.25  0         0         0         0
 10.35  0         0         0         0
 10.45  0         0         0         0
 10.55  0         0         0         0
 10.65  0         0         0         0
 10.75  0         0         0         0
 10.85  0         0         0         0
 10.95  0         0         0         0
 11.05  0         0         0         0
 11.15  0         0         0         0
 11.25  0         0         0         0
 11.35  0         0         0         0
 11.45  0         0         0         0
 11.55  0         0         0         0
 11.65  0         0         0         0
 11.75  0         0         0         0
 11.85  0         0         0         0
 11.95  0         0         0         0
 12.05  0         0         0         0
 12.15  0         0         0         0
 12.25  0         0         0         0
 12.35  0         0         0         0
 12.45  0         0         0         0
 12.55  0         0         0         0
 12.65  0         0         0         0
 12.75  0         0         0         0
 12.85  0         0         0         0
 12.95  0         0         0         0
 13.05  0         0         0         0
 13.15  0         0         0         0
 13.25  0         0         0         0
 13.35  0         0         0         0
 13.45  0         0         0         0
 13.55  0         0         0         0
 13.65  0         0         0         0
 13.75  0         0         0         0
 13.85  0         0         0         0
 13.95  0         0         0         0
 14.05  0         0         0         0
 14.15  0         0         0         0
 14.25  0         0         0         0
 14.35  0         0         0         0
 14.45  0         0         0         0
 14.55  0         0         0         0
 14.65  0         0         0         0
 14.75  0         0         0         0
 14.85  0         0         0         0
 14.95  0         0         0         0
 15.05  0         0         0         0
 15.15  0         0         0         0
 15.25  0         0         0         0
 15.35  0         0         0         0
 15.45  0         0         0         0
 15.55  0         0         0         0
 15.65  0         0         0         0
 15.75  0         0         0         0
 15.85  0         0         0         0
 15.95  0         0         0         0
 16.05  0         0         0         0
 16.15  0         0         0         0
 16.25  0         0         0         0
 16.35  0         0         0         0
 16.45  0         0         0         0
 16.55  0         0         0         0
 16.65  0         0         0         0
 16.75  0         0         0         0
 16.85  0         0         0         0
 16.95  0         0         0         0
 17.05  0         0         0         0
 17.15  0         0         0         0
 17.25  0         0         0         0
 17.35  0         0         0         0
 17.45  0         0         0         0
 17.55  0         0         0         0
 17.65  0         0         0         0
 17.75  0         0         0         0
 17.85  0         0         0         0
 17.95  0         0         0         0
 18.05  0         0         0         0
 18.15  0         0         0         0
 18.25  0         0         0         0
 18.35  0         0         0         0
 18.45  0         0         0         0
 18.55  0         0         0         0
 18.65  0         0         0         0
 18.75  0         0         0         0
 18.85  0         0         0         0
 18.95  0         0         0         0
 19.05  0         0         0         0
 19.15  0         0         0         0
 19.25  0         0         0         0
 19.35  0         0         0         0
 19.45  0         0         0         0
 19.55  0         0         0         0
 19.65  0         0         0         0
 19.75  0         0         0         0
 19.85  0         0         0         0
 19.95  0         0         0         0
 20.05  0         0         0         0
