   R    RHORP_BE7  DRHORP_BE7  RHORN_BE7  DRHORN_BE7
   .05   .0538       .0064      .0608      .0073
   .15   .0642       .00264     .0722      .00299
   .25   .0627       .001586    .0696      .001777
   .35   .0624       .001133    .0681      .001252
   .45   .0628      8.91E-4     .0674     9.68E-4
   .55   .0621      7.29E-4     .0653     7.76E-4
   .65   .063       6.27E-4     .0649     6.53E-4
   .75   .0632      5.49E-4     .0633     5.57E-4
   .85   .0617      4.8E-4      .0606     4.79E-4
   .95   .0614      4.32E-4     .0589     4.21E-4
  1.05   .0605      3.9E-4      .0568     3.72E-4
  1.15   .0588      3.52E-4     .0539     3.29E-4
  1.25   .0574      3.21E-4     .0514     2.94E-4
  1.35   .0555      2.93E-4     .0489     2.64E-4
  1.45   .0533      2.68E-4     .0458     2.37E-4
  1.55   .0508      2.45E-4     .0429     2.131E-4
  1.65   .0472      2.23E-4     .039      1.903E-4
  1.75   .0445      2.05E-4     .0361     1.718E-4
  1.85   .0417      1.871E-4    .0332     1.543E-4
  1.95   .0381      1.711E-4    .0298     1.39E-4
  2.05   .0349      1.563E-4    .02677    1.249E-4
  2.15   .0319      1.433E-4    .02406    1.128E-4
  2.25   .0284      1.296E-4    .02101    1.003E-4
  2.35   .0255      1.179E-4    .01845    8.98E-5
  2.45   .0225      1.071E-4    .0161     8.02E-5
  2.55   .01966     9.64E-5     .01374    7.11E-5
  2.65   .01703     8.71E-5     .01168    6.32E-5
  2.75   .0146      7.81E-5     .00979    5.54E-5
  2.85   .01239     6.99E-5     .00813    4.87E-5
  2.95   .01052     6.27E-5     .00678    4.3E-5
  3.05   .00886     5.59E-5     .00559    3.75E-5
  3.15   .00735     4.95E-5     .00454    3.265E-5
  3.25   .00614     4.42E-5     .003704   2.851E-5
  3.35   .00495     3.88E-5     .002928   2.446E-5
  3.45   .004       3.42E-5     .002322   2.115E-5
  3.55   .0033      3.02E-5     .001878   1.831E-5
  3.65   .00267     2.66E-5     .001483   1.583E-5
  3.75   .00213     2.31E-5     .001158   1.345E-5
  3.85   .001779    2.08E-5    9.44E-4    1.178E-5
  3.95   .001405    1.803E-5   7.31E-4    1.002E-5
  4.05   .001133    1.582E-5   5.783E-4   8.62E-6
  4.15  8.99E-4     1.381E-5   4.512E-4   7.43E-6
  4.25  7.17E-4     1.213E-5   3.497E-4   6.32E-6
  4.35  5.88E-4     1.075E-5   2.814E-4   5.48E-6
  4.45  4.67E-4     9.4E-6     2.192E-4   4.708E-6
  4.55  3.69E-4     8.21E-6    1.684E-4   3.996E-6
  4.65  2.84E-4     7.08E-6    1.294E-4   3.414E-6
  4.75  2.22E-4     6.13E-6    9.87E-5    2.919E-6
  4.85  1.821E-4    5.49E-6    7.792E-5   2.493E-6
  4.95  1.501E-4    4.87E-6    6.422E-5   2.214E-6
  5.05  1.088E-4    4.09E-6    4.532E-5   1.801E-6
  5.15  9.43E-5     3.74E-6    3.884E-5   1.639E-6
  5.25  8.13E-5     3.42E-6    3.186E-5   1.417E-6
  5.35  5.68E-5     2.8E-6     2.274E-5   1.211E-6
  5.45  4.35E-5     2.43E-6    1.654E-5   9.64E-7
  5.55  3.69E-5     2.2E-6     1.423E-5   8.96E-7
  5.65  2.93E-5     1.938E-6   1.042E-5   7.203E-7
  5.75  2.25E-5     1.676E-6   7.829E-6   6.117E-7
  5.85  1.873E-5    1.512E-6   6.537E-6   5.66E-7
  5.95  1.482E-5    1.323E-6   5.108E-6   4.8E-7
  6.05  9.72E-6     1.049E-6   3.32E-6    3.815E-7
  6.15  8.77E-6     9.99E-7    2.862E-6   3.47E-7
  6.25  8.35E-6     9.41E-7    2.795E-6   3.327E-7
  6.35  5.36E-6     7.45E-7    1.748E-6   2.62E-7
  6.45  4.49E-6     6.87E-7    1.364E-6   2.379E-7
  6.55  3.85E-6     6.24E-7    1.216E-6   2.062E-7
  6.65  2.46E-6     4.93E-7    7.75E-7    1.591E-7
  6.75  2.79E-6     5.15E-7    8.17E-7    1.57E-7
  6.85  1.818E-6    4.06E-7    5.555E-7   1.304E-7
  6.95  1.525E-6    3.69E-7    4.521E-7   1.113E-7
  7.05  1.714E-6    3.95E-7    4.204E-7   9.901E-8
  7.15  1.061E-6    2.98E-7    2.877E-7   8.334E-8
  7.25  6.28E-7     2.28E-7    1.798E-7   7.27E-8
  7.35  8.59E-7     2.76E-7    2.22E-7    7.401E-8
  7.45  4.73E-7     1.972E-7   1.0075E-7  4.306E-8
  7.55  2.19E-7     1.288E-7   5.945E-8   3.549E-8
  7.65  2.28E-7     1.325E-7   4.321E-8   2.528E-8
  7.75  2.035E-7    1.185E-7   6.177E-8   3.808E-8
  7.85  1.301E-7    9.31E-8    4.206E-8   3.303E-8
  7.95  4.5E-7      1.77E-7    1.3667E-7  5.335E-8
  8.05  0           0          0          0
  8.15  1.361E-7    9.83E-8    2.355E-8   1.692E-8
  8.25  1.188E-7    8.53E-8    3.706E-8   2.7725E-8
  8.35  5.87E-8     5.87E-8    1.7391E-8  1.7391E-8
  8.45  5.63E-8     5.63E-8    1.7891E-8  1.7891E-8
  8.55  1.036E-7    7.35E-8    4.1502E-8  2.9962E-8
  8.65  1.081E-7    7.69E-8    3.3703E-8  2.4405E-8
  8.75  1.13E-7     8.19E-8    2.559E-8   1.9357E-8
  8.85  5.29E-8     5.29E-8    1.4803E-8  1.4997E-8
  8.95  5.06E-8     5.06E-8    1.5586E-8  1.5586E-8
  9.05  5.33E-8     5.33E-8    1.1529E-8  1.1529E-8
  9.15  1.053E-7    7.56E-8    2.1415E-8  1.6408E-8
  9.25  9.54E-8     6.86E-8    2.8648E-8  2.0696E-8
  9.35  3.85E-8     3.85E-8    2.2187E-8  2.2187E-8
  9.45  0           0          0          0
  9.55  0           0          0          0
  9.65  0           0          0          0
  9.75  4.48E-8     4.48E-8    1.1118E-8  1.1118E-8
  9.85  0           0          0          0
  9.95  0           0          0          0
 10.05  0           0          0          0
 10.15  0           0          0          0
 10.25  0           0          0          0
 10.35  0           0          0          0
 10.45  0           0          0          0
 10.55  0           0          0          0
 10.65  0           0          0          0
 10.75  0           0          0          0
 10.85  0           0          0          0
 10.95  0           0          0          0
 11.05  0           0          0          0
 11.15  0           0          0          0
 11.25  0           0          0          0
 11.35  0           0          0          0
 11.45  0           0          0          0
 11.55  0           0          0          0
 11.65  0           0          0          0
 11.75  0           0          0          0
 11.85  0           0          0          0
 11.95  0           0          0          0
 12.05  0           0          0          0
 12.15  0           0          0          0
 12.25  0           0          0          0
 12.35  0           0          0          0
 12.45  0           0          0          0
 12.55  0           0          0          0
 12.65  0           0          0          0
 12.75  0           0          0          0
 12.85  0           0          0          0
 12.95  0           0          0          0
 13.05  0           0          0          0
 13.15  0           0          0          0
 13.25  0           0          0          0
 13.35  0           0          0          0
 13.45  0           0          0          0
 13.55  0           0          0          0
 13.65  0           0          0          0
 13.75  0           0          0          0
 13.85  0           0          0          0
 13.95  0           0          0          0
 14.05  0           0          0          0
 14.15  0           0          0          0
 14.25  0           0          0          0
 14.35  0           0          0          0
 14.45  0           0          0          0
 14.55  0           0          0          0
 14.65  0           0          0          0
 14.75  0           0          0          0
 14.85  0           0          0          0
 14.95  0           0          0          0
 15.05  0           0          0          0
 15.15  0           0          0          0
 15.25  0           0          0          0
 15.35  0           0          0          0
 15.45  0           0          0          0
 15.55  0           0          0          0
 15.65  0           0          0          0
 15.75  0           0          0          0
 15.85  0           0          0          0
 15.95  0           0          0          0
 16.05  0           0          0          0
 16.15  0           0          0          0
 16.25  0           0          0          0
 16.35  0           0          0          0
 16.45  0           0          0          0
 16.55  0           0          0          0
 16.65  0           0          0          0
 16.75  0           0          0          0
 16.85  0           0          0          0
 16.95  0           0          0          0
 17.05  0           0          0          0
 17.15  0           0          0          0
 17.25  0           0          0          0
 17.35  0           0          0          0
 17.45  0           0          0          0
 17.55  0           0          0          0
 17.65  0           0          0          0
 17.75  0           0          0          0
 17.85  0           0          0          0
 17.95  0           0          0          0
 18.05  0           0          0          0
 18.15  0           0          0          0
 18.25  0           0          0          0
 18.35  0           0          0          0
 18.45  0           0          0          0
 18.55  0           0          0          0
 18.65  0           0          0          0
 18.75  0           0          0          0
 18.85  0           0          0          0
 18.95  0           0          0          0
 19.05  0           0          0          0
 19.15  0           0          0          0
 19.25  0           0          0          0
 19.35  0           0          0          0
 19.45  0           0          0          0
 19.55  0           0          0          0
 19.65  0           0          0          0
 19.75  0           0          0          0
 19.85  0           0          0          0
 19.95  0           0          0          0
 20.05  0           0          0          0
