   R      RHORP    DRHORP     RHORN    DRHORN
   .05   .0975     .00876    .0999     .00897
   .15   .0933     .00323    .0962     .00333
   .25   .0885     .001905   .0909     .001957
   .35   .0885     .001363   .0905     .001393
   .45   .087      .00105    .0884     .001067
   .55   .0848    8.5E-4     .0854    8.55E-4
   .65   .0829    7.15E-4    .0827    7.13E-4
   .75   .0792    6.07E-4    .0782    5.98E-4
   .85   .0752    5.22E-4    .0734    5.09E-4
   .95   .072     4.59E-4    .0693    4.4E-4
  1.05   .0678    4.05E-4    .0644    3.83E-4
  1.15   .0633    3.61E-4    .0592    3.35E-4
  1.25   .0592    3.2E-4     .0546    2.93E-4
  1.35   .0548    2.87E-4    .0498    2.58E-4
  1.45   .0506    2.57E-4    .0452    2.27E-4
  1.55   .0463    2.32E-4    .0405    2.008E-4
  1.65   .0426    2.097E-4   .0366    1.786E-4
  1.75   .038     1.878E-4   .032     1.568E-4
  1.85   .0344    1.706E-4   .0286    1.398E-4
  1.95   .0308    1.537E-4   .025     1.235E-4
  2.05   .0275    1.392E-4   .0218    1.095E-4
  2.15   .0247    1.267E-4   .01923   9.79E-5
  2.25   .02165   1.139E-4   .01651   8.61E-5
  2.35   .01901   1.031E-4   .01419   7.62E-5
  2.45   .01674   9.29E-5    .01225   6.75E-5
  2.55   .01475   8.47E-5    .01052   6.01E-5
  2.65   .0128    7.67E-5    .0089    5.3E-5
  2.75   .01129   6.97E-5    .00769   4.73E-5
  2.85   .00975   6.3E-5     .0065    4.19E-5
  2.95   .00852   5.72E-5    .00556   3.72E-5
  3.05   .00745   5.23E-5    .00475   3.34E-5
  3.15   .00658   4.78E-5    .00411   2.98E-5
  3.25   .00577   4.35E-5    .00354   2.67E-5
  3.35   .00495   3.95E-5    .00298   2.37E-5
  3.45   .00433   3.59E-5    .00255   2.117E-5
  3.55   .00381   3.29E-5    .002213  1.903E-5
  3.65   .00332   2.99E-5    .001901  1.711E-5
  3.75   .00293   2.76E-5    .001649  1.552E-5
  3.85   .00253   2.5E-5     .001404  1.387E-5
  3.95   .002251  2.301E-5   .001235  1.264E-5
  4.05   .001962  2.106E-5   .001064  1.139E-5
  4.15   .001709  1.93E-5   9.21E-4   1.036E-5
  4.25   .001539  1.788E-5  8.18E-4   9.51E-6
  4.35   .001353  1.64E-5   7.15E-4   8.66E-6
  4.45   .001202  1.513E-5  6.32E-4   7.94E-6
  4.55   .001038  1.384E-5  5.41E-4   7.21E-6
  4.65  9.37E-4   1.284E-5  4.86E-4   6.65E-6
  4.75  8.28E-4   1.183E-5  4.27E-4   6.09E-6
  4.85  7.27E-4   1.09E-5   3.74E-4   5.59E-6
  4.95  6.57E-4   1.017E-5  3.37E-4   5.21E-6
  5.05  5.69E-4   9.27E-6   2.91E-4   4.73E-6
  5.15  5.08E-4   8.6E-6    2.59E-4   4.37E-6
  5.25  4.5E-4    7.96E-6   2.283E-4  4.03E-6
  5.35  3.97E-4   7.33E-6   2.01E-4   3.72E-6
  5.45  3.43E-4   6.7E-6    1.737E-4  3.39E-6
  5.55  3.15E-4   6.32E-6   1.593E-4  3.19E-6
  5.65  2.79E-4   5.86E-6   1.412E-4  2.95E-6
  5.75  2.524E-4  5.44E-6   1.273E-4  2.74E-6
  5.85  2.17E-4   5E-6      1.094E-4  2.51E-6
  5.95  2.016E-4  4.73E-6   1.015E-4  2.388E-6
  6.05  1.78E-4   4.35E-6   8.96E-5   2.182E-6
  6.15  1.565E-4  4.03E-6   7.87E-5   2.024E-6
  6.25  1.388E-4  3.73E-6   6.98E-5   1.869E-6
  6.35  1.242E-4  3.48E-6   6.25E-5   1.748E-6
  6.45  1.086E-4  3.21E-6   5.46E-5   1.614E-6
  6.55  9.03E-5   2.87E-6   4.54E-5   1.441E-6
  6.65  8.2E-5    2.69E-6   4.12E-5   1.348E-6
  6.75  7.49E-5   2.537E-6  3.75E-5   1.273E-6
  6.85  6.7E-5    2.361E-6  3.35E-5   1.185E-6
  6.95  5.5E-5    2.127E-6  2.76E-5   1.066E-6
  7.05  4.9E-5    1.957E-6  2.459E-5  9.82E-7
  7.15  4.22E-5   1.801E-6  2.113E-5  9.04E-7
  7.25  3.54E-5   1.622E-6  1.771E-5  8.13E-7
  7.35  3.29E-5   1.552E-6  1.648E-5  7.77E-7
  7.45  3.14E-5   1.489E-6  1.576E-5  7.47E-7
  7.55  2.68E-5   1.357E-6  1.345E-5  6.8E-7
  7.65  2.38E-5   1.268E-6  1.192E-5  6.34E-7
  7.75  2.191E-5  1.194E-6  1.096E-5  5.98E-7
  7.85  1.646E-5  1.027E-6  8.24E-6   5.15E-7
  7.95  1.577E-5  9.91E-7   7.89E-6   4.96E-7
  8.05  1.396E-5  9.22E-7   6.99E-6   4.61E-7
  8.15  1.256E-5  8.62E-7   6.28E-6   4.31E-7
  8.25  9.87E-6   7.57E-7   4.94E-6   3.79E-7
  8.35  9.69E-6   7.42E-7   4.85E-6   3.71E-7
  8.45  7.57E-6   6.46E-7   3.79E-6   3.23E-7
  8.55  7.02E-6   6.22E-7   3.51E-6   3.11E-7
  8.65  7.05E-6   6.1E-7    3.52E-6   3.05E-7
  8.75  5.59E-6   5.41E-7   2.79E-6   2.71E-7
  8.85  5.73E-6   5.37E-7   2.87E-6   2.68E-7
  8.95  4.64E-6   4.77E-7   2.319E-6  2.391E-7
  9.05  3.67E-6   4.27E-7   1.835E-6  2.139E-7
  9.15  3.72E-6   4.19E-7   1.858E-6  2.096E-7
  9.25  4.01E-6   4.28E-7   2.009E-6  2.14E-7
  9.35  3.56E-6   4E-7      1.781E-6  2E-7
  9.45  2.77E-6   3.49E-7   1.386E-6  1.745E-7
  9.55  2.285E-6  3.1E-7    1.144E-6  1.549E-7
  9.65  2.58E-6   3.34E-7   1.291E-6  1.668E-7
  9.75  2.044E-6  2.94E-7   1.023E-6  1.468E-7
  9.85  1.714E-6  2.65E-7   8.56E-7   1.324E-7
  9.95  1.571E-6  2.51E-7   7.86E-7   1.254E-7
 10.05  1.68E-6   2.59E-7   8.4E-7    1.297E-7
 10.15  9.62E-7   1.9E-7    4.8E-7    9.5E-8
 10.25  1.246E-6  2.149E-7  6.23E-7   1.076E-7
 10.35  1.089E-6  1.976E-7  5.45E-7   9.9E-8
 10.45  8.42E-7   1.737E-7  4.21E-7   8.68E-8
 10.55  9.53E-7   1.836E-7  4.77E-7   9.16E-8
 10.65  6.23E-7   1.505E-7  3.12E-7   7.53E-8
 10.75  5.82E-7   1.426E-7  2.91E-7   7.13E-8
 10.85  8.71E-7   1.729E-7  4.35E-7   8.66E-8
 10.95  4.43E-7   1.173E-7  2.21E-7   5.87E-8
 11.05  6.08E-7   1.38E-7   3.04E-7   6.91E-8
 11.15  2.84E-7   9.47E-8   1.423E-7  4.74E-8
 11.25  3.91E-7   1.089E-7  1.955E-7  5.45E-8
 11.35  6.04E-7   1.345E-7  3.02E-7   6.72E-8
 11.45  4.86E-7   1.195E-7  2.43E-7   5.97E-8
 11.55  3.18E-7   9.41E-8   1.591E-7  4.71E-8
 11.65  2.348E-7  8.27E-8   1.173E-7  4.14E-8
 11.75  2.82E-7   8.86E-8   1.409E-7  4.44E-8
 11.85  3.53E-7   9.94E-8   1.763E-7  4.97E-8
 11.95  2.73E-7   8.67E-8   1.363E-7  4.34E-8
 12.05  4.14E-7   1.063E-7  2.068E-7  5.31E-8
 12.15  2.154E-7  7.77E-8   1.078E-7  3.89E-8
 12.25  1.414E-7  5.91E-8   7.07E-8   2.96E-8
 12.35  2.31E-8   2.31E-8   1.159E-8  1.159E-8
 12.45  2.28E-7   7.49E-8   1.141E-7  3.74E-8
 12.55  1.347E-7  5.67E-8   6.74E-8   2.84E-8
 12.65  8.84E-8   4.61E-8   4.42E-8   2.31E-8
 12.75  1.306E-7  5.43E-8   6.52E-8   2.72E-8
 12.85  1.93E-7   6.56E-8   9.64E-8   3.28E-8
 12.95  1.687E-7  6.43E-8   8.44E-8   3.21E-8
 13.05  1.865E-7  6.43E-8   9.35E-8   3.22E-8
 13.15  8.18E-8   4.35E-8   4.09E-8   2.18E-8
 13.25  4.02E-8   2.9E-8    2.012E-8  1.452E-8
 13.35  7.94E-8   3.99E-8   3.97E-8   1.999E-8
 13.45  1.173E-7  4.93E-8   5.86E-8   2.46E-8
 13.55  5.78E-8   3.35E-8   2.89E-8   1.676E-8
 13.65  3.79E-8   2.68E-8   1.898E-8  1.343E-8
 13.75  9.35E-8   4.23E-8   4.68E-8   2.11E-8
 13.85  7.37E-8   3.9E-8    3.69E-8   1.955E-8
 13.95  1.636E-7  5.67E-8   8.17E-8   2.83E-8
 14.05  3.59E-8   2.56E-8   1.788E-8  1.281E-8
 14.15  1.764E-8  1.764E-8  8.83E-9   8.83E-9
 14.25  0         0         0         0
 14.35  1.718E-8  1.718E-8  8.59E-9   8.59E-9
 14.45  1.696E-8  1.696E-8  8.47E-9   8.47E-9
 14.55  0         0         0         0
 14.65  0         0         0         0
 14.75  0         0         0         0
 14.85  0         0         0         0
 14.95  0         0         0         0
 15.05  0         0         0         0
 15.15  0         0         0         0
 15.25  0         0         0         0
 15.35  0         0         0         0
 15.45  0         0         0         0
 15.55  0         0         0         0
 15.65  0         0         0         0
 15.75  0         0         0         0
 15.85  0         0         0         0
 15.95  0         0         0         0
 16.05  0         0         0         0
 16.15  0         0         0         0
 16.25  0         0         0         0
 16.35  0         0         0         0
 16.45  0         0         0         0
 16.55  0         0         0         0
 16.65  0         0         0         0
 16.75  0         0         0         0
 16.85  0         0         0         0
 16.95  0         0         0         0
 17.05  0         0         0         0
 17.15  0         0         0         0
 17.25  0         0         0         0
 17.35  0         0         0         0
 17.45  0         0         0         0
 17.55  0         0         0         0
 17.65  0         0         0         0
 17.75  0         0         0         0
 17.85  0         0         0         0
 17.95  0         0         0         0
 18.05  0         0         0         0
 18.15  0         0         0         0
 18.25  0         0         0         0
 18.35  0         0         0         0
 18.45  0         0         0         0
 18.55  0         0         0         0
 18.65  0         0         0         0
 18.75  0         0         0         0
 18.85  0         0         0         0
 18.95  0         0         0         0
 19.05  0         0         0         0
 19.15  0         0         0         0
 19.25  0         0         0         0
 19.35  0         0         0         0
 19.45  0         0         0         0
 19.55  0         0         0         0
 19.65  0         0         0         0
 19.75  0         0         0         0
 19.85  0         0         0         0
 19.95  0         0         0         0
 20.05  0         0         0         0
