   R      RHORPT      DRHORPT    RHORNT    DRHORNT
   .05   .081267     .0026296    .1491     .00486
   .15   .08227      .0010136    .1461     .001798
   .25   .08629     6.381E-4     .146      .001071
   .35   .08936     4.678E-4     .1459    7.58E-4
   .45   .09244     3.709E-4     .1496    6.01E-4
   .55   .09052     3.006E-4     .1487    4.99E-4
   .65   .08605     2.472E-4     .1451    4.25E-4
   .75   .07785     2.015E-4     .1353    3.58E-4
   .85   .06875     1.648E-4     .1229    3E-4
   .95   .05846     1.34E-4      .1071    2.5E-4
  1.05   .04855     1.0918E-4    .0907    2.08E-4
  1.15   .03964     8.952E-5     .0754    1.727E-4
  1.25   .03205     7.372E-5     .0621    1.445E-4
  1.35   .02572     6.091E-5     .0507    1.209E-4
  1.45   .02042     5.049E-5     .0408    1.015E-4
  1.55   .016118    4.189E-5     .0327    8.55E-5
  1.65   .012703    3.505E-5     .0263    7.23E-5
  1.75   .010032    2.934E-5     .021     6.13E-5
  1.85   .007875    2.452E-5     .01676   5.21E-5
  1.95   .006243    2.078E-5     .01347   4.46E-5
  2.05   .004898    1.7476E-5    .01077   3.81E-5
  2.15   .003894    1.4818E-5    .0087    3.27E-5
  2.25   .00307     1.26E-5      .00697   2.82E-5
  2.35   .0024341   1.0689E-5    .00564   2.44E-5
  2.45   .0019256   9.09E-6      .00452   2.099E-5
  2.55   .0015313   7.745E-6     .00365   1.82E-5
  2.65   .0012112   6.608E-6     .00295   1.579E-5
  2.75  9.586E-4    5.656E-6     .00238   1.373E-5
  2.85  7.73E-4     4.881E-6     .001959  1.205E-5
  2.95  6.134E-4    4.165E-6     .00159   1.052E-5
  3.05  4.933E-4    3.597E-6     .0013    9.22E-6
  3.15  3.8784E-4   3.076E-6     .001039  8.01E-6
  3.25  3.1387E-4   2.6564E-6   8.63E-4   7.09E-6
  3.35  2.4848E-4   2.2921E-6   6.96E-4   6.21E-6
  3.45  2.0253E-4   1.9902E-6   5.79E-4   5.5E-6
  3.55  1.6373E-4   1.7389E-6   4.75E-4   4.86E-6
  3.65  1.2797E-4   1.4678E-6   3.86E-4   4.28E-6
  3.75  1.056E-4    1.3018E-6   3.21E-4   3.8E-6
  3.85  8.452E-5    1.1252E-6   2.65E-4   3.37E-6
  3.95  6.9881E-5   9.936E-7    2.21E-4   3.01E-6
  4.05  5.5308E-5   8.529E-7    1.8E-4    2.65E-6
  4.15  4.5297E-5   7.544E-7    1.477E-4  2.35E-6
  4.25  3.6354E-5   6.501E-7    1.23E-4   2.095E-6
  4.35  2.8726E-5   5.595E-7    9.92E-5   1.843E-6
  4.45  2.4048E-5   4.963E-7    8.6E-5    1.688E-6
  4.55  1.9591E-5   4.351E-7    7.04E-5   1.492E-6
  4.65  1.5662E-5   3.793E-7    5.81E-5   1.332E-6
  4.75  1.3127E-5   3.4113E-7   4.82E-5   1.186E-6
  4.85  1.0906E-5   3.0284E-7   4.12E-5   1.076E-6
  4.95  8.8588E-6   2.6473E-7   3.43E-5   9.65E-7
  5.05  7.3152E-6   2.3489E-7   2.86E-5   8.64E-7
  5.15  6.2371E-6   2.1237E-7   2.47E-5   7.89E-7
  5.25  5.0027E-6   1.8516E-7   2.023E-5  7.03E-7
  5.35  4.1093E-6   1.6176E-7   1.697E-5  6.3E-7
  5.45  3.4634E-6   1.4674E-7   1.454E-5  5.75E-7
  5.55  2.7631E-6   1.2954E-7   1.152E-5  5E-7
  5.65  2.3453E-6   1.1717E-7   9.9E-6    4.58E-7
  5.75  2.1223E-6   1.0662E-7   9.1E-6    4.3E-7
  5.85  1.5889E-6   9.121E-8    7.01E-6   3.73E-7
  5.95  1.2483E-6   7.97E-8     5.5E-6    3.25E-7
  6.05  1.0656E-6   7.34E-8     4.76E-6   2.97E-7
  6.15  9.7597E-7   6.85E-8     4.45E-6   2.84E-7
  6.25  7.1699E-7   5.6876E-8   3.28E-6   2.393E-7
  6.35  5.9172E-7   4.7092E-8   3.06E-6   2.296E-7
  6.45  5.3541E-7   4.6529E-8   2.58E-6   2.061E-7
  6.55  4.2608E-7   4.159E-8    1.98E-6   1.775E-7
  6.65  3.3831E-7   3.5777E-8   1.623E-6  1.586E-7
  6.75  2.9263E-7   3.117E-8    1.559E-6  1.545E-7
  6.85  2.5963E-7   2.8601E-8   1.402E-6  1.448E-7
  6.95  2.5269E-7   3.0848E-8   1.197E-6  1.313E-7
  7.05  2.0043E-7   2.8314E-8   8.88E-7   1.107E-7
  7.15  1.4172E-7   2.1628E-8   6.99E-7   9.78E-8
  7.25  1.3202E-7   2.2342E-8   6.25E-7   9.13E-8
  7.35  9.9879E-8   1.7094E-8   5.18E-7   8.16E-8
  7.45  9.9388E-8   1.9503E-8   4.74E-7   7.8E-8
  7.55  6.6763E-8   1.3789E-8   3.66E-7   6.77E-8
  7.65  7.3712E-8   1.4066E-8   3.88E-7   6.79E-8
  7.75  7.0314E-8   1.4349E-8   3.28E-7   6.08E-8
  7.85  4.1911E-8   1.0232E-8   2.288E-7  5.07E-8
  7.95  4.3616E-8   1.0229E-8   2.331E-7  5.1E-8
  8.05  4.3478E-8   1.2433E-8   2.021E-7  4.75E-8
  8.15  9.3112E-9   4.3207E-9   5.06E-8   2.285E-8
  8.25  3.37E-8     8.991E-9    1.772E-7  4.27E-8
  8.35  4.1199E-8   1.0137E-8   1.874E-7  4.25E-8
  8.45  1.4284E-8   5.0455E-9   8.6E-8    2.91E-8
  8.55  2.4122E-8   7.643E-9    1.174E-7  3.33E-8
  8.65  1.6611E-8   6.0309E-9   7.91E-8   2.69E-8
  8.75  1.38E-8     4.5673E-9   9.02E-8   2.88E-8
  8.85  7.7263E-9   3.7594E-9   4.31E-8   1.986E-8
  8.95  9.5006E-9   4.4641E-9   5.01E-8   2.098E-8
  9.05  6.0952E-9   4.7814E-9   1.333E-8  9.87E-9
  9.15  7.386E-9    3.459E-9    4.97E-8   2.067E-8
  9.25  7.9597E-9   4.4465E-9   2.92E-8   1.479E-8
  9.35  4.257E-9    2.2423E-9   3.22E-8   1.665E-8
  9.45  9.5921E-9   4.1499E-9   4.38E-8   1.817E-8
  9.55  5.6088E-9   3.7574E-9   2.053E-8  1.227E-8
  9.65  1.135E-9    1.205E-9    7.41E-9   7.41E-9
  9.75  4.6764E-9   2.7246E-9   2.88E-8   1.457E-8
  9.85  5.4801E-9   2.8581E-9   2.73E-8   1.381E-8
  9.95  0           0           0         0
 10.05  1.6055E-9   1.6055E-9   6.27E-9   6.27E-9
 10.15  1.5728E-9   1.5728E-9   6.15E-9   6.15E-9
 10.25  2.6204E-9   1.8949E-9   1.252E-8  8.87E-9
 10.35  2.2264E-9   1.6045E-9   1.263E-8  8.98E-9
 10.45  0           0           0         0
 10.55  1.467E-9    1.1174E-9   1.284E-8  9.15E-9
 10.65  0           0           0         0
 10.75  8.268E-10   8.572E-10   6.06E-9   6.06E-9
 10.85  0           0           0         0
 10.95  4.9576E-9   3.1863E-9   1.495E-8  8.79E-9
 11.05  2.0006E-9   2.0006E-9   4.52E-9   4.52E-9
 11.15  1.2435E-9   9.056E-10   1.155E-8  8.17E-9
 11.25  8.737E-10   9.003E-10   5.41E-9   5.41E-9
 11.35  1.8113E-9   1.8287E-9   4.37E-9   4.37E-9
 11.45  0           0           0         0
 11.55  6.4894E-10  6.4894E-10  5.32E-9   5.32E-9
 11.65  0           0           0         0
 11.75  0           0           0         0
 11.85  0           0           0         0
 11.95  0           0           0         0
 12.05  0           0           0         0
 12.15  0           0           0         0
 12.25  0           0           0         0
 12.35  0           0           0         0
 12.45  0           0           0         0
 12.55  0           0           0         0
 12.65  0           0           0         0
 12.75  0           0           0         0
 12.85  0           0           0         0
 12.95  0           0           0         0
 13.05  0           0           0         0
 13.15  0           0           0         0
 13.25  0           0           0         0
 13.35  0           0           0         0
 13.45  0           0           0         0
 13.55  0           0           0         0
 13.65  0           0           0         0
 13.75  0           0           0         0
 13.85  0           0           0         0
 13.95  0           0           0         0
 14.05  0           0           0         0
 14.15  0           0           0         0
 14.25  0           0           0         0
 14.35  0           0           0         0
 14.45  0           0           0         0
 14.55  0           0           0         0
 14.65  0           0           0         0
 14.75  0           0           0         0
 14.85  0           0           0         0
 14.95  0           0           0         0
 15.05  0           0           0         0
 15.15  0           0           0         0
 15.25  0           0           0         0
 15.35  0           0           0         0
 15.45  0           0           0         0
 15.55  0           0           0         0
 15.65  0           0           0         0
 15.75  0           0           0         0
 15.85  0           0           0         0
 15.95  0           0           0         0
 16.05  0           0           0         0
 16.15  0           0           0         0
 16.25  0           0           0         0
 16.35  0           0           0         0
 16.45  0           0           0         0
 16.55  0           0           0         0
 16.65  0           0           0         0
 16.75  0           0           0         0
 16.85  0           0           0         0
 16.95  0           0           0         0
 17.05  0           0           0         0
 17.15  0           0           0         0
 17.25  0           0           0         0
 17.35  0           0           0         0
 17.45  0           0           0         0
 17.55  0           0           0         0
 17.65  0           0           0         0
 17.75  0           0           0         0
 17.85  0           0           0         0
 17.95  0           0           0         0
 18.05  0           0           0         0
 18.15  0           0           0         0
 18.25  0           0           0         0
 18.35  0           0           0         0
 18.45  0           0           0         0
 18.55  0           0           0         0
 18.65  0           0           0         0
 18.75  0           0           0         0
 18.85  0           0           0         0
 18.95  0           0           0         0
 19.05  0           0           0         0
 19.15  0           0           0         0
 19.25  0           0           0         0
 19.35  0           0           0         0
 19.45  0           0           0         0
 19.55  0           0           0         0
 19.65  0           0           0         0
 19.75  0           0           0         0
 19.85  0           0           0         0
 19.95  0           0           0         0
 20.05  0           0           0         0
