   R       RHORP      DRHORP     RHORN    DRHORN
   .05    .0905      .0243      .0767     .0206
   .15    .1034      .00984     .0858     .00815
   .25    .093       .00564     .0791     .0048
   .35    .093       .00397     .0809     .00345
   .45    .0854      .00295     .0758     .00261
   .55    .0834      .00238     .0759     .00218
   .65    .083       .00198     .0782     .001869
   .75    .0798      .001684    .0784     .001658
   .85    .0751      .001428    .0769     .001468
   .95    .0699      .001215    .0758     .001326
  1.05    .0651      .001047    .0736     .001187
  1.15    .0623     9.23E-4     .0739     .001103
  1.25    .0563     7.95E-4     .0706    9.96E-4
  1.35    .0516     6.97E-4     .0688    9.25E-4
  1.45    .0468     6.09E-4     .0654    8.51E-4
  1.55    .0441     5.48E-4     .0658    8.1E-4
  1.65    .039      4.78E-4     .0614    7.43E-4
  1.75    .0344     4.2E-4      .0579    6.89E-4
  1.85    .0308     3.68E-4     .0555    6.43E-4
  1.95    .0272     3.27E-4     .0517    5.99E-4
  2.05    .02354    2.84E-4     .0483    5.53E-4
  2.15    .02097    2.513E-4    .0455    5.17E-4
  2.25    .01791    2.193E-4    .0419    4.79E-4
  2.35    .01546    1.936E-4    .0387    4.43E-4
  2.45    .01332    1.69E-4     .0355    4.13E-4
  2.55    .01132    1.475E-4    .033     3.89E-4
  2.65    .0098     1.314E-4    .03      3.58E-4
  2.75    .00852    1.14E-4     .0278    3.32E-4
  2.85    .00715    1.007E-4    .0248    3.06E-4
  2.95    .00604    8.85E-5     .0224    2.84E-4
  3.05    .00507    7.58E-5     .0205    2.63E-4
  3.15    .004231   6.61E-5     .01831   2.44E-4
  3.25    .003543   5.75E-5     .01626   2.23E-4
  3.35    .00292    4.99E-5     .01422   2.04E-4
  3.45    .002579   4.468E-5    .01323   1.917E-4
  3.55    .002097   3.841E-5    .01162   1.748E-4
  3.65    .001805   3.429E-5    .01044   1.616E-4
  3.75    .001524   2.996E-5    .00944   1.507E-4
  3.85    .00122    2.546E-5    .00807   1.359E-4
  3.95    .001016   2.256E-5    .00719   1.251E-4
  4.05   8.619E-4   1.982E-5    .0063    1.148E-4
  4.15   6.91E-4    1.688E-5    .00543   1.046E-4
  4.25   6.024E-4   1.524E-5    .00485   9.74E-5
  4.35   4.809E-4   1.338E-5    .00408   8.83E-5
  4.45   3.961E-4   1.156E-5    .00368   8.19E-5
  4.55   3.384E-4   1.02E-5     .00324   7.48E-5
  4.65   2.655E-4   8.777E-6    .00267   6.73E-5
  4.75   2.239E-4   7.72E-6     .00236   6.18E-5
  4.85   1.792E-4   6.399E-6    .00208   5.68E-5
  4.95   1.537E-4   5.771E-6    .001873  5.24E-5
  5.05   1.2896E-4  5.18E-6     .001583  4.79E-5
  5.15   9.753E-5   4.439E-6    .001304  4.28E-5
  5.25   8.45E-5    3.985E-6    .001164  3.97E-5
  5.35   6.239E-5   3.106E-6   9.76E-4   3.59E-5
  5.45   5.578E-5   2.946E-6   8.52E-4   3.28E-5
  5.55   4.665E-5   2.674E-6   7.44E-4   3.02E-5
  5.65   3.901E-5   2.306E-6   6.47E-4   2.75E-5
  5.75   2.977E-5   1.951E-6   5.51E-4   2.54E-5
  5.85   2.525E-5   1.72E-6    4.82E-4   2.3E-5
  5.95   1.867E-5   1.3247E-6  4.07E-4   2.1E-5
  6.05   1.847E-5   1.3558E-6  3.66E-4   1.965E-5
  6.15   1.5838E-5  1.295E-6   3.16E-4   1.785E-5
  6.25   1.3238E-5  1.388E-6   2.61E-4   1.61E-5
  6.35   8.398E-6   9.415E-7   1.9E-4    1.341E-5
  6.45   7.194E-6   7.69E-7    1.812E-4  1.295E-5
  6.55   6.465E-6   7.466E-7   1.669E-4  1.225E-5
  6.65   4.894E-6   6.215E-7   1.264E-4  1.053E-5
  6.75   4.237E-6   5.363E-7   1.128E-4  9.81E-6
  6.85   3.152E-6   4.987E-7   9.27E-5   8.71E-6
  6.95   2.905E-6   4.311E-7   8.44E-5   8.19E-6
  7.05   2.5691E-6  4.281E-7   7.59E-5   7.67E-6
  7.15   2.0362E-6  3.707E-7   5.4E-5    6.47E-6
  7.25   1.4559E-6  2.973E-7   4.85E-5   6.13E-6
  7.35   1.2554E-6  3.034E-7   4.74E-5   5.83E-6
  7.45   1.0302E-6  2.38E-7    4.06E-5   5.33E-6
  7.55   1.0424E-6  2.302E-7   3.67E-5   4.99E-6
  7.65   6.757E-7   1.821E-7   3.06E-5   4.52E-6
  7.75   4.322E-7   1.095E-7   2.34E-5   3.9E-6
  7.85   7.028E-7   1.519E-7   3.09E-5   4.41E-6
  7.95   2.928E-7   7.7E-8     1.99E-5   3.51E-6
  8.05   3.259E-7   1.1859E-7  1.687E-5  3.19E-6
  8.15   1.1609E-7  3.691E-8   1.006E-5  2.45E-6
  8.25   3.834E-7   1.056E-7   1.715E-5  3.14E-6
  8.35   3.416E-7   1.198E-7   1.449E-5  2.85E-6
  8.45   1.159E-7   5.41E-8    4.9E-6    1.634E-6
  8.55   1.2512E-7  6.251E-8   1.131E-5  2.47E-6
  8.65   9.917E-8   3.476E-8   7.35E-6   1.962E-6
  8.75   1.48E-7    6.405E-8   7.13E-6   1.907E-6
  8.85   5.764E-8   3.016E-8   6.55E-6   1.818E-6
  8.95   2.034E-8   1.958E-8   4.45E-6   1.484E-6
  9.05   6.867E-8   3.208E-8   7.21E-6   1.864E-6
  9.15   5.046E-8   4.1691E-8  1.375E-6  7.95E-7
  9.25   1.425E-8   1.148E-8   3.24E-6   1.225E-6
  9.35   4.636E-8   2.551E-8   4.05E-6   1.35E-6
  9.45   5.853E-8   3.474E-8   3.51E-6   1.241E-6
  9.55   9.63E-9    8.19E-9    8.63E-7   6.11E-7
  9.65   1.252E-8   7.44E-9    2.98E-6   1.125E-6
  9.75   1.134E-8   1.047E-8   8.26E-7   5.85E-7
  9.85   1.0258E-8  7.866E-9   1.22E-6   7.05E-7
  9.95   1.1965E-8  9.69E-9    1.993E-6  8.95E-7
 10.05   9.291E-9   1.355E-8   1.173E-6  6.77E-7
 10.15   9.53E-9    8.44E-9    1.535E-6  7.68E-7
 10.25   5.902E-9   5.902E-9   3.73E-7   3.73E-7
 10.35   6.68E-9    5.22E-9    1.108E-6  6.4E-7
 10.45   3.744E-8   2.826E-8   6.91E-7   4.89E-7
 10.55   5.649E-9   8.46E-9    1.066E-6  6.17E-7
 10.65   2.524E-8   1.364E-8   1.729E-6  7.74E-7
 10.75   2.48E-9    8.87E-9    1.03E-6   5.95E-7
 10.85   3.8E-10    4.39E-9    1.351E-6  6.76E-7
 10.95   2.013E-8   1.981E-8   9.75E-7   5.64E-7
 11.05   0          0          0         0
 11.15   0          0          0         0
 11.25   9.5E-9     7.1E-9     6.19E-7   4.38E-7
 11.35   0          0          0         0
 11.45   6.01E-9    6.01E-9    2.98E-7   2.98E-7
 11.55  -2.31E-9    2.31E-9    3E-7      3E-7
 11.65   0          0          0         0
 11.75   3.556E-9   3.556E-9   2.85E-7   2.85E-7
 11.85   0          0          0         0
 11.95  -2.229E-9   2.229E-9   2.81E-7   2.81E-7
 12.05   0          0          0         0
 12.15   0          0          0         0
 12.25   4.63E-9    5.67E-9    5.25E-7   3.72E-7
 12.35   0          0          0         0
 12.45   0          0          0         0
 12.55   0          0          0         0
 12.65   0          0          0         0
 12.75   0          0          0         0
 12.85   0          0          0         0
 12.95   0          0          0         0
 13.05   0          0          0         0
 13.15   0          0          0         0
 13.25   0          0          0         0
 13.35   0          0          0         0
 13.45   0          0          0         0
 13.55   0          0          0         0
 13.65   0          0          0         0
 13.75   0          0          0         0
 13.85   0          0          0         0
 13.95   0          0          0         0
 14.05   0          0          0         0
 14.15   0          0          0         0
 14.25   0          0          0         0
 14.35   0          0          0         0
 14.45   0          0          0         0
 14.55   0          0          0         0
 14.65   0          0          0         0
 14.75   0          0          0         0
 14.85   0          0          0         0
 14.95   0          0          0         0
 15.05   0          0          0         0
 15.15   0          0          0         0
 15.25   0          0          0         0
 15.35   0          0          0         0
 15.45   0          0          0         0
 15.55   0          0          0         0
 15.65   0          0          0         0
 15.75   0          0          0         0
 15.85   0          0          0         0
 15.95   0          0          0         0
 16.05   0          0          0         0
 16.15   0          0          0         0
 16.25   0          0          0         0
 16.35   0          0          0         0
 16.45   0          0          0         0
 16.55   0          0          0         0
 16.65   0          0          0         0
 16.75   0          0          0         0
 16.85   0          0          0         0
 16.95   0          0          0         0
 17.05   0          0          0         0
 17.15   0          0          0         0
 17.25   0          0          0         0
 17.35   0          0          0         0
 17.45   0          0          0         0
 17.55   0          0          0         0
 17.65   0          0          0         0
 17.75   0          0          0         0
 17.85   0          0          0         0
 17.95   0          0          0         0
 18.05   0          0          0         0
 18.15   0          0          0         0
 18.25   0          0          0         0
 18.35   0          0          0         0
 18.45   0          0          0         0
 18.55   0          0          0         0
 18.65   0          0          0         0
 18.75   0          0          0         0
 18.85   0          0          0         0
 18.95   0          0          0         0
 19.05   0          0          0         0
 19.15   0          0          0         0
 19.25   0          0          0         0
 19.35   0          0          0         0
 19.45   0          0          0         0
 19.55   0          0          0         0
 19.65   0          0          0         0
 19.75   0          0          0         0
 19.85   0          0          0         0
 19.95   0          0          0         0
 20.05   0          0          0         0
