   R      RHORP    DRHORP     RHORN    DRHORN
   .05   .088      .00843    .0855     .00819
   .15   .0941     .00329    .0912     .00319
   .25   .0949     .001996   .0924     .001946
   .35   .0898     .001385   .0878     .001353
   .45   .0892     .001072   .0878     .001055
   .55   .0849    8.53E-4    .0841    8.46E-4
   .65   .0824    7.09E-4    .0825    7.12E-4
   .75   .0783    5.98E-4    .0792    6.05E-4
   .85   .0733    5.09E-4    .0751    5.22E-4
   .95   .0698    4.42E-4    .0724    4.6E-4
  1.05   .0645    3.83E-4    .068     4.05E-4
  1.15   .0595    3.34E-4    .0636    3.59E-4
  1.25   .0548    2.94E-4    .0594    3.21E-4
  1.35   .0502    2.6E-4     .0553    2.89E-4
  1.45   .0456    2.29E-4    .0511    2.59E-4
  1.55   .0411    2.012E-4   .0468    2.32E-4
  1.65   .0366    1.785E-4   .0426    2.097E-4
  1.75   .0326    1.58E-4    .0386    1.895E-4
  1.85   .0289    1.401E-4   .0349    1.716E-4
  1.95   .0252    1.237E-4   .0312    1.541E-4
  2.05   .0218    1.093E-4   .0275    1.389E-4
  2.15   .01917   9.74E-5    .0246    1.266E-4
  2.25   .0167    8.63E-5    .02196   1.147E-4
  2.35   .01429   7.64E-5    .01929   1.036E-4
  2.45   .01223   6.76E-5    .01682   9.35E-5
  2.55   .01049   5.99E-5    .01475   8.47E-5
  2.65   .00886   5.28E-5    .01274   7.64E-5
  2.75   .00766   4.73E-5    .01127   6.99E-5
  2.85   .00654   4.2E-5     .00986   6.35E-5
  2.95   .00559   3.73E-5    .00861   5.76E-5
  3.05   .0047    3.29E-5    .00738   5.18E-5
  3.15   .00406   2.96E-5    .00652   4.76E-5
  3.25   .00344   2.62E-5    .00564   4.31E-5
  3.35   .00298   2.37E-5    .00498   3.96E-5
  3.45   .00253   2.098E-5   .00429   3.59E-5
  3.55   .002187  1.894E-5   .00377   3.27E-5
  3.65   .00186   1.692E-5   .00326   2.98E-5
  3.75   .001624  1.537E-5   .00289   2.74E-5
  3.85   .001429  1.401E-5   .00257   2.52E-5
  3.95   .001229  1.264E-5   .002243  2.306E-5
  4.05   .001042  1.13E-5    .001926  2.089E-5
  4.15  9.17E-4   1.035E-5   .001706  1.932E-5
  4.25  8.01E-4   9.38E-6    .001507  1.773E-5
  4.35  7.01E-4   8.58E-6    .001328  1.628E-5
  4.45  6.33E-4   7.96E-6    .001208  1.522E-5
  4.55  5.5E-4    7.24E-6    .001058  1.396E-5
  4.65  4.8E-4    6.64E-6   9.26E-4   1.281E-5
  4.75  4.15E-4   6.01E-6   8.04E-4   1.166E-5
  4.85  3.85E-4   5.67E-6   7.51E-4   1.108E-5
  4.95  3.26E-4   5.11E-6   6.38E-4   1E-5
  5.05  2.94E-4   4.75E-6   5.75E-4   9.34E-6
  5.15  2.533E-4  4.32E-6   4.98E-4   8.51E-6
  5.25  2.299E-4  4.06E-6   4.52E-4   8E-6
  5.35  1.968E-4  3.68E-6   3.89E-4   7.26E-6
  5.45  1.701E-4  3.34E-6   3.36E-4   6.61E-6
  5.55  1.526E-4  3.13E-6   3.02E-4   6.18E-6
  5.65  1.374E-4  2.92E-6   2.72E-4   5.78E-6
  5.75  1.237E-4  2.71E-6   2.455E-4  5.37E-6
  5.85  1.06E-4   2.465E-6  2.104E-4  4.9E-6
  5.95  9.13E-5   2.247E-6  1.811E-4  4.47E-6
  6.05  8.17E-5   2.092E-6  1.624E-4  4.15E-6
  6.15  7.27E-5   1.949E-6  1.446E-4  3.88E-6
  6.25  6.7E-5    1.831E-6  1.333E-4  3.64E-6
  6.35  5.89E-5   1.69E-6   1.172E-4  3.35E-6
  6.45  5.15E-5   1.556E-6  1.025E-4  3.1E-6
  6.55  4.46E-5   1.426E-6  8.88E-5   2.84E-6
  6.65  3.86E-5   1.309E-6  7.7E-5    2.61E-6
  6.75  3.27E-5   1.189E-6  6.52E-5   2.374E-6
  6.85  3.01E-5   1.121E-6  5.99E-5   2.238E-6
  6.95  2.71E-5   1.046E-6  5.41E-5   2.09E-6
  7.05  2.419E-5  9.78E-7   4.82E-5   1.952E-6
  7.15  1.97E-5   8.7E-7    3.93E-5   1.735E-6
  7.25  1.757E-5  8.09E-7   3.51E-5   1.616E-6
  7.35  1.626E-5  7.66E-7   3.24E-5   1.529E-6
  7.45  1.543E-5  7.38E-7   3.08E-5   1.474E-6
  7.55  1.193E-5  6.39E-7   2.38E-5   1.277E-6
  7.65  1.152E-5  6.26E-7   2.303E-5  1.25E-6
  7.75  9.99E-6   5.74E-7   1.998E-5  1.146E-6
  7.85  8.27E-6   5.16E-7   1.652E-5  1.03E-6
  7.95  6.66E-6   4.57E-7   1.331E-5  9.14E-7
  8.05  6.23E-6   4.36E-7   1.244E-5  8.7E-7
  8.15  6.36E-6   4.38E-7   1.272E-5  8.75E-7
  8.25  5.38E-6   3.92E-7   1.075E-5  7.83E-7
  8.35  4.41E-6   3.53E-7   8.82E-6   7.05E-7
  8.45  3.74E-6   3.21E-7   7.48E-6   6.41E-7
  8.55  3.87E-6   3.25E-7   7.74E-6   6.48E-7
  8.65  2.83E-6   2.74E-7   5.67E-6   5.46E-7
  8.75  2.261E-6  2.413E-7  4.52E-6   4.82E-7
  8.85  2.89E-6   2.69E-7   5.78E-6   5.39E-7
  8.95  2.255E-6  2.36E-7   4.5E-6    4.72E-7
  9.05  1.855E-6  2.101E-7  3.71E-6   4.2E-7
  9.15  1.799E-6  2.05E-7   3.59E-6   4.1E-7
  9.25  1.323E-6  1.73E-7   2.64E-6   3.46E-7
  9.35  1.012E-6  1.506E-7  2.021E-6  3.01E-7
  9.45  1.565E-6  1.868E-7  3.13E-6   3.73E-7
  9.55  1.415E-6  1.745E-7  2.83E-6   3.5E-7
  9.65  9.5E-7    1.411E-7  1.901E-6  2.82E-7
  9.75  1.284E-6  1.629E-7  2.57E-6   3.26E-7
  9.85  8.38E-7   1.293E-7  1.672E-6  2.582E-7
  9.95  8.22E-7   1.278E-7  1.643E-6  2.56E-7
 10.05  7.18E-7   1.201E-7  1.436E-6  2.4E-7
 10.15  7.21E-7   1.178E-7  1.442E-6  2.351E-7
 10.25  6.56E-7   1.111E-7  1.313E-6  2.226E-7
 10.35  5.62E-7   1.012E-7  1.123E-6  2.028E-7
 10.45  4.69E-7   9.2E-8    9.39E-7   1.842E-7
 10.55  4.14E-7   8.49E-8   8.26E-7   1.698E-7
 10.65  3.12E-7   7.34E-8   6.24E-7   1.467E-7
 10.75  3.22E-7   7.22E-8   6.43E-7   1.444E-7
 10.85  3.16E-7   7.35E-8   6.31E-7   1.47E-7
 10.95  3.1E-7    7.15E-8   6.19E-7   1.429E-7
 11.05  2.46E-7   6.24E-8   4.92E-7   1.248E-7
 11.15  1.565E-7  5.08E-8   3.13E-7   1.017E-7
 11.25  1.812E-7  5.36E-8   3.63E-7   1.072E-7
 11.35  1.236E-7  4.18E-8   2.475E-7  8.36E-8
 11.45  1.619E-7  5E-8      3.23E-7   1E-7
 11.55  1.193E-7  4.26E-8   2.38E-7   8.52E-8
 11.65  1.303E-7  4.23E-8   2.603E-7  8.45E-8
 11.75  1.281E-7  4.28E-8   2.558E-7  8.55E-8
 11.85  6.3E-8    2.84E-8   1.259E-7  5.68E-8
 11.95  9.9E-8    3.66E-8   1.981E-7  7.34E-8
 12.05  9.74E-8   3.69E-8   1.953E-7  7.37E-8
 12.15  5.99E-8   2.839E-8  1.198E-7  5.68E-8
 12.25  4.72E-8   2.429E-8  9.43E-8   4.86E-8
 12.35  3.48E-8   2.079E-8  6.95E-8   4.16E-8
 12.45  3.42E-8   2.18E-8   6.84E-8   4.35E-8
 12.55  4.49E-8   2.294E-8  8.99E-8   4.59E-8
 12.65  2.207E-8  1.564E-8  4.42E-8   3.13E-8
 12.75  3.26E-8   1.9E-8    6.53E-8   3.79E-8
 12.85  2.139E-8  1.517E-8  4.29E-8   3.04E-8
 12.95  1.055E-8  1.055E-8  2.106E-8  2.106E-8
 13.05  2.077E-8  1.472E-8  4.15E-8   2.935E-8
 13.15  1.023E-8  1.023E-8  2.048E-8  2.048E-8
 13.25  2.014E-8  1.465E-8  4.03E-8   2.93E-8
 13.35  9.92E-9   9.92E-9   1.989E-8  1.989E-8
 13.45  9.78E-9   9.78E-9   1.955E-8  1.955E-8
 13.55  9.63E-9   9.63E-9   1.93E-8   1.93E-8
 13.65  0         0         0         0
 13.75  0         0         0         0
 13.85  0         0         0         0
 13.95  9.09E-9   9.09E-9   1.818E-8  1.818E-8
 14.05  0         0         0         0
 14.15  0         0         0         0
 14.25  8.71E-9   8.71E-9   1.739E-8  1.739E-8
 14.35  0         0         0         0
 14.45  0         0         0         0
 14.55  0         0         0         0
 14.65  0         0         0         0
 14.75  8.13E-9   8.13E-9   1.626E-8  1.626E-8
 14.85  0         0         0         0
 14.95  0         0         0         0
 15.05  0         0         0         0
 15.15  0         0         0         0
 15.25  0         0         0         0
 15.35  0         0         0         0
 15.45  0         0         0         0
 15.55  0         0         0         0
 15.65  0         0         0         0
 15.75  0         0         0         0
 15.85  0         0         0         0
 15.95  0         0         0         0
 16.05  0         0         0         0
 16.15  0         0         0         0
 16.25  0         0         0         0
 16.35  0         0         0         0
 16.45  0         0         0         0
 16.55  0         0         0         0
 16.65  0         0         0         0
 16.75  0         0         0         0
 16.85  0         0         0         0
 16.95  0         0         0         0
 17.05  0         0         0         0
 17.15  0         0         0         0
 17.25  0         0         0         0
 17.35  0         0         0         0
 17.45  0         0         0         0
 17.55  0         0         0         0
 17.65  0         0         0         0
 17.75  0         0         0         0
 17.85  0         0         0         0
 17.95  0         0         0         0
 18.05  0         0         0         0
 18.15  0         0         0         0
 18.25  0         0         0         0
 18.35  0         0         0         0
 18.45  0         0         0         0
 18.55  0         0         0         0
 18.65  0         0         0         0
 18.75  0         0         0         0
 18.85  0         0         0         0
 18.95  0         0         0         0
 19.05  0         0         0         0
 19.15  0         0         0         0
 19.25  0         0         0         0
 19.35  0         0         0         0
 19.45  0         0         0         0
 19.55  0         0         0         0
 19.65  0         0         0         0
 19.75  0         0         0         0
 19.85  0         0         0         0
 19.95  0         0         0         0
 20.05  0         0         0         0
