    K       RHOKN       DRHOKN      RHOKP       DRHOKP
   .001  359.1        1.3547     274.65       5.9447
   .1    357.7        1.2147     308.94       4.5202
   .2    348.19        .99644    384.69       3.0493
   .3    325.18        .7559     449.74       2.1228
   .4    288.09        .53098    464.27       1.2643
   .5    240.07        .36432    422.93        .65572
   .6    187.98        .2564     346.39        .34098
   .7    138.71        .18763    259.4         .25517
   .8     96.85        .13734    180.15        .23091
   .9     64.379       .096169   117.56        .19569
  1       41.035       .06318     72.959       .15372
  1.1     25.295       .039826    43.552       .11556
  1.2     15.24        .027526    25.305       .085454
  1.3      9.0972      .024707    14.505       .063482
  1.4      5.474       .025594     8.3364      .04829
  1.5      3.3882      .026175     4.8921      .038312
  1.6      2.2026      .025562     2.9917      .032062
  1.7      1.5284      .023905     1.9483      .028132
  1.8      1.1378      .021571     1.3701      .025267
  1.9       .90169     .018889     1.0375      .022684
  2         .74964     .016142      .83377     .020128
  2.1       .64442     .013512      .70026     .017569
  2.2       .56582     .011124      .60632     .01507
  2.3       .50237     .009025      .53472     .012684
  2.4       .44813     .0072342     .47628     .010484
  2.5       .40024     .0057437     .42645     .0085134
  2.6       .3569      .0045418     .38215     .006816
  2.7       .31701     .0035963     .34145     .0053844
  2.8       .28035     .002874      .30406     .0042112
  2.9       .24691     .0023371     .27009     .0032821
  3         .21647     .001948      .23909     .0025738
  3.1       .1889      .0016684     .21065     .0020602
  3.2       .16418     .0014644     .18468     .0017075
  3.3       .14219     .0013082     .16111     .0014771
  3.4       .12271     .0011805     .13988     .0013275
  3.5       .10556     .0010693     .12101     .0012226
  3.6       .090586   9.6811E-4     .10441     .001137
  3.7       .077557   8.7407E-4     .089845    .0010578
  3.8       .066256   7.861E-4      .077099   9.7853E-4
  3.9       .056484   7.0388E-4     .06599    8.975E-4
  4         .048049   6.2735E-4     .05634    8.1508E-4
  4.1       .040784   5.5644E-4     .047996   7.3232E-4
  4.2       .034548   4.9115E-4     .040815   6.5115E-4
  4.3       .02921    4.3137E-4     .03464    5.7301E-4
  4.4       .024648   3.7699E-4     .02933    4.9923E-4
  4.5       .020756   3.2777E-4     .024758   4.3111E-4
  4.6       .017439   2.8335E-4     .020812   3.6886E-4
  4.7       .014615   2.4336E-4     .017417   3.1255E-4
  4.8       .012224   2.0755E-4     .014538   2.6261E-4
  4.9       .010212   1.7569E-4     .012129   2.1876E-4
  5         .0085188  1.4763E-4     .010115   1.811E-4
  5.1       .0070903  1.2313E-4     .0084271  1.4913E-4
  5.2       .0058839  1.0197E-4     .0070173  1.2221E-4
  5.3       .0048667  8.3927E-5     .0058371  9.994E-5
  5.4       .004008   6.8806E-5     .0048353  8.1756E-5
  5.5       .0032831  5.6348E-5     .0039773  6.7023E-5
  5.6       .0026749  4.6307E-5     .0032478  5.5389E-5
  5.7       .002169   3.8416E-5     .0026349  4.6453E-5
  5.8       .0017506  3.2388E-5     .0021236  3.9804E-5
  5.9       .0014064  2.7878E-5     .0017003  3.493E-5
  6         .001126   2.4527E-5     .0013547  3.1267E-5
  6.1      8.996E-4   2.1988E-5     .001076   2.8428E-5
  6.2      7.1764E-4  1.9976E-5    8.5335E-4  2.6075E-5
  6.3      5.7167E-4  1.8284E-5    6.7647E-4  2.4006E-5
  6.4      4.5482E-4  1.6774E-5    5.3605E-4  2.209E-5
  6.5      3.6141E-4  1.5365E-5    4.2398E-4  2.0256E-5
  6.6      2.8687E-4  1.4018E-5    3.3449E-4  1.8469E-5
  6.7      2.2763E-4  1.2722E-5    2.6359E-4  1.6723E-5
  6.8      1.8068E-4  1.1477E-5    2.0759E-4  1.5031E-5
  6.9      1.4351E-4  1.029E-5     1.6317E-4  1.3415E-5
  7        1.1423E-4  9.1681E-6    1.283E-4   1.1896E-5
  7.1      9.1444E-5  8.1153E-6    1.0171E-4  1.0483E-5
  7.2      7.3883E-5  7.1375E-6    8.1848E-5  9.1806E-6
  7.3      6.0365E-5  6.2403E-6    6.6881E-5  7.9908E-6
  7.4      4.9962E-5  5.4271E-6    5.5493E-5  6.9133E-6
  7.5      4.2034E-5  4.6972E-6    4.7068E-5  5.9458E-6
  7.6      3.6078E-5  4.0457E-6    4.1162E-5  5.0828E-6
  7.7      3.1592E-5  3.4662E-6    3.7018E-5  4.3214E-6
  7.8      2.81E-5    2.9532E-6    3.3727E-5  3.6587E-6
  7.9      2.5264E-5  2.5036E-6    3.0758E-5  3.0881E-6
  8        2.2915E-5  2.1184E-6    2.8085E-5  2.6005E-6
  8.1      2.0954E-5  1.8026E-6    2.5806E-5  2.1878E-6
  8.2      1.9276E-5  1.5572E-6    2.3822E-5  1.8499E-6
  8.3      1.7776E-5  1.3672E-6    2.192E-5   1.5827E-6
  8.4      1.6395E-5  1.205E-6     2.0024E-5  1.3713E-6
  8.5      1.5114E-5  1.0526E-6    1.8238E-5  1.2031E-6
  8.6      1.3918E-5  9.1946E-7    1.666E-5   1.0739E-6
  8.7      1.2789E-5  8.3227E-7    1.528E-5   9.8559E-7
  8.8      1.1735E-5  7.9737E-7    1.4071E-5  9.2781E-7
  8.9      1.0786E-5  7.8409E-7    1.3081E-5  8.7768E-7
  9        9.9736E-6  7.562E-7     1.2385E-5  8.2686E-7
  9.1      9.2879E-6  7.0237E-7    1.1952E-5  7.8565E-7
  9.2      8.6843E-6  6.3592E-7    1.1614E-5  7.5975E-7
  9.3      8.1078E-6  5.8021E-7    1.1149E-5  7.409E-7
  9.4      7.5146E-6  5.5188E-7    1.0403E-5  7.1026E-7
  9.5      6.8756E-6  5.4892E-7    9.3725E-6  6.6939E-7
  9.6      6.1783E-6  5.517E-7     8.1673E-6  6.3246E-7
  9.7      5.4343E-6  5.3701E-7    6.9237E-6  6.0549E-7
  9.8      4.6827E-6  4.9417E-7    5.7394E-6  5.8267E-7
  9.9      3.9788E-6  4.3677E-7    4.6861E-6  5.571E-7
 10        3.3749E-6  4.0106E-7    3.8545E-6  5.3777E-7
