   K      RHOKN       DRHOKN      RHOKP       DRHOKP
  0    500.7        1.2513     482.9         .77924
   .1  503.2        1.1282     473.4         .71747
   .2  501           .85853    443.9         .57716
   .3  476.8         .57397    394.7         .41824
   .4  424.2         .34588    330.8         .27957
   .5  350.6         .20961    261.03        .18342
   .6  269.8         .14815    194.35        .12691
   .7  194.29        .11581    136.99        .092962
   .8  131.99        .087416    91.99        .067882
   .9   85.28        .06075     59.28        .047162
  1     52.88        .038834    36.97        .030772
  1.1   31.77        .023619    22.532       .019486
  1.2   18.683       .015747    13.585       .013682
  1.3   10.893       .013751     8.206       .012176
  1.4    6.396       .013941     5.041       .012284
  1.5    3.852       .014028     3.197       .012321
  1.6    2.43        .013575     2.1214      .011899
  1.7    1.6311      .012674     1.4856      .011084
  1.8    1.1751      .011491     1.102       .010021
  1.9     .9064      .010151      .8633      .0088393
  2       .7399      .0087598     .7081      .0076311
  2.1     .6287      .0074144     .6012      .0064706
  2.2     .5477      .0061775     .5222      .0054054
  2.3     .4838      .0050856     .4597      .004459
  2.4     .4302      .004143      .4071      .0036399
  2.5     .3833      .0033411     .361       .0029419
  2.6     .341       .0026715     .3197      .0023582
  2.7     .3026      .0021242     .2824      .0018779
  2.8     .2678      .0016865     .2486      .0014901
  2.9     .2363      .001341      .2182      .001181
  3       .2081      .0010707     .19109    9.4058E-4
  3.1     .18267    8.6481E-4     .16682    7.5907E-4
  3.2     .1598     7.1706E-4     .14519    6.2876E-4
  3.3     .13932    6.1904E-4     .126      5.4036E-4
  3.4     .12106    5.5681E-4     .10904    4.8247E-4
  3.5     .10487    5.1468E-4     .09409    4.428E-4
  3.6     .09059    4.8085E-4     .08098    4.1196E-4
  3.7     .07804    4.4919E-4     .06953    3.8435E-4
  3.8     .06705    4.1752E-4     .05956    3.5746E-4
  3.9     .05745    3.8501E-4     .05093    3.3028E-4
  4       .04911    3.521E-4      .04345    3.027E-4
  4.1     .04189    3.1912E-4     .03701    2.7507E-4
  4.2     .03566    2.8657E-4     .03144    2.4783E-4
  4.3     .03031    2.5502E-4     .02667    2.2126E-4
  4.4     .02572    2.2496E-4     .02258    1.9568E-4
  4.5     .02178    1.9673E-4     .019064   1.7146E-4
  4.6     .018378   1.7042E-4     .016052   1.4878E-4
  4.7     .01546    1.4617E-4     .013479   1.2774E-4
  4.8     .012961   1.2406E-4     .011285   1.0858E-4
  4.9     .01083    1.0418E-4     .009421   9.1335E-5
  5       .009022   8.6547E-5     .007841   7.6019E-5
  5.1     .007495   7.1153E-5     .006506   6.2608E-5
  5.2     .006209   5.7895E-5     .005379   5.1E-5
  5.3     .005124   4.6623E-5     .00443    4.1108E-5
  5.4     .004207   3.7233E-5     .003633   3.282E-5
  5.5     .003435   2.9626E-5     .002965   2.6036E-5
  5.6     .00279    2.3674E-5     .00241    2.0661E-5
  5.7     .002257   1.9221E-5     .0019509  1.6579E-5
  5.8     .0018176  1.6027E-5     .0015724  1.3624E-5
  5.9     .0014572  1.3831E-5     .0012621  1.1607E-5
  6       .0011632  1.2378E-5     .0010085  1.0302E-5
  6.1    9.247E-4   1.1408E-5    8.022E-4   9.4748E-6
  6.2    7.316E-4   1.0716E-5    6.349E-4   8.916E-6
  6.3    5.755E-4   1.015E-5     4.999E-4   8.4737E-6
  6.4    4.498E-4   9.6201E-6    3.916E-4   8.0555E-6
  6.5    3.495E-4   9.0788E-6    3.051E-4   7.6174E-6
  6.6    2.701E-4   8.5039E-6    2.368E-4   7.1464E-6
  6.7    2.078E-4   7.8937E-6    1.8312E-4  6.6412E-6
  6.8    1.5927E-4  7.251E-6     1.4124E-4  6.1119E-6
  6.9    1.2215E-4  6.59E-6      1.0891E-4  5.5694E-6
  7      9.426E-5   5.9276E-6    8.419E-5   5.0246E-6
  7.1    7.345E-5   5.2788E-6    6.541E-5   4.4885E-6
  7.2    5.788E-5   4.6584E-6    5.121E-5   3.9713E-6
  7.3    4.62E-5    4.0777E-6    4.052E-5   3.4817E-6
  7.4    3.748E-5   3.5409E-6    3.256E-5   3.0288E-6
  7.5    3.102E-5   3.0523E-6    2.669E-5   2.6148E-6
  7.6    2.616E-5   2.6125E-6    2.237E-5   2.242E-6
  7.7    2.244E-5   2.2186E-6    1.9186E-5  1.9082E-6
  7.8    1.96E-5    1.8679E-6    1.6838E-5  1.6109E-6
  7.9    1.754E-5   1.5588E-6    1.512E-5   1.3458E-6
  8      1.6123E-5  1.291E-6     1.3863E-5  1.1134E-6
  8.1    1.5134E-5  1.0668E-6    1.2911E-5  9.151E-7
  8.2    1.4375E-5  8.874E-7     1.2137E-5  7.5536E-7
  8.3    1.3751E-5  7.5124E-7    1.1467E-5  6.3663E-7
  8.4    1.3209E-5  6.496E-7     1.0857E-5  5.552E-7
  8.5    1.268E-5   5.7055E-7    1.0282E-5  4.9906E-7
  8.6    1.2094E-5  5.0416E-7    9.728E-6   4.5332E-7
  8.7    1.1442E-5  4.4682E-7    9.195E-6   4.0767E-7
  8.8    1.0758E-5  4.0166E-7    8.684E-6   3.6077E-7
  8.9    1.0084E-5  3.7359E-7    8.182E-6   3.2054E-7
  9      9.442E-6   3.6495E-7    7.684E-6   2.9884E-7
  9.1    8.85E-6    3.7016E-7    7.195E-6   3.0087E-7
  9.2    8.291E-6   3.7895E-7    6.719E-6   3.1761E-7
  9.3    7.722E-6   3.7951E-7    6.237E-6   3.3277E-7
  9.4    7.114E-6   3.6611E-7    5.729E-6   3.3419E-7
  9.5    6.487E-6   3.3795E-7    5.197E-6   3.1678E-7
  9.6    5.883E-6   3.0123E-7    4.662E-6   2.8379E-7
  9.7    5.298E-6   2.6765E-7    4.145E-6   2.4592E-7
  9.8    4.694E-6   2.5005E-7    3.648E-6   2.2022E-7
  9.9    4.057E-6   2.5241E-7    3.173E-6   2.1997E-7
 10      3.445E-6   2.6677E-7    2.738E-6   2.4084E-7
