   K      RHOKN7     DRHOKN7      RHOKP7     DRHOKP7
  0    488.7        1.2997     465           .842
   .1  498.2        1.1187     459           .72445
   .2  509.5         .77829    437           .53579
   .3  494.6         .5242     394.7         .38956
   .4  443.9         .31558    334.9         .25864
   .5  366           .19518    266.07        .17097
   .6  278.7         .13707    198.34        .11855
   .7  197.58        .10521    139.34        .086561
   .8  131.71        .078259    92.95        .062805
   .9   83.42        .054035    59.37        .04342
  1     50.77        .034662    36.67        .028331
  1.1   30.03        .021381    22.158       .01799
  1.2   17.506       .014252    13.266       .012468
  1.3   10.195       .012165     7.984       .010869
  1.4    6.028       .012133     4.904       .010857
  1.5    3.68        .012209     3.118       .010914
  1.6    2.358       .011885     2.08        .010608
  1.7    1.6062      .011131     1.4657      .0099311
  1.8    1.1673      .010132     1.0926      .0090369
  1.9     .8999      .0089811     .8566      .0080142
  2       .7286      .0077967     .7001      .0069671
  2.1     .6115      .0066462     .59        .005952
  2.2     .5262      .0055713     .5079      .0050052
  2.3     .4597      .0046096     .4427      .0041552
  2.4     .4045      .0037639     .3884      .0034039
  2.5     .357       .0030399     .3415      .0027576
  2.6     .3153      .002431      .3003      .0022095
  2.7     .2783      .0019262     .2638      .0017526
  2.8     .2448      .0015182     .231       .0013799
  2.9     .2147      .001193      .20185     .0010814
  3       .18782    9.4222E-4     .17593    8.5115E-4
  3.1     .16401    7.5485E-4     .15305    6.7943E-4
  3.2     .14296    6.2081E-4     .13287    5.5726E-4
  3.3     .12432    5.3004E-4     .11509    4.7499E-4
  3.4     .10781    4.7052E-4     .09944    4.2165E-4
  3.5     .09323    4.3185E-4     .08573    3.8718E-4
  3.6     .08041    4.0426E-4     .07376    3.6258E-4
  3.7     .06918    3.8141E-4     .06334    3.4211E-4
  3.8     .05942    3.5954E-4     .05428    3.2226E-4
  3.9     .05094    3.3655E-4     .04644    3.0148E-4
  4       .04356    3.1207E-4     .03963    2.7945E-4
  4.1     .03717    2.8626E-4     .03375    2.5632E-4
  4.2     .03161    2.5974E-4     .02867    2.3264E-4
  4.3     .02685    2.3293E-4     .0243     2.0893E-4
  4.4     .02275    2.067E-4      .020548   1.8575E-4
  4.5     .019241   1.8152E-4     .017341   1.6356E-4
  4.6     .016227   1.5776E-4     .014597   1.4255E-4
  4.7     .013646   1.3578E-4     .012255   1.2299E-4
  4.8     .011454   1.157E-4      .010267   1.0505E-4
  4.9     .009592   9.7597E-5     .00858    8.8778E-5
  5       .008006   8.1481E-5     .007147   7.4222E-5
  5.1     .006653   6.7282E-5     .005934   6.1344E-5
  5.2     .005507   5.4978E-5     .004911   5.0126E-5
  5.3     .004546   4.4428E-5     .004053   4.0461E-5
  5.4     .00374    3.5519E-5     .003334   3.2308E-5
  5.5     .003063   2.8129E-5     .002733   2.5549E-5
  5.6     .002499   2.2119E-5     .0022321  2.0084E-5
  5.7     .0020307  1.7452E-5     .0018169  1.5847E-5
  5.8     .0016462  1.4025E-5     .001474   1.2719E-5
  5.9     .0013294  1.1723E-5     .0011911  1.058E-5
  6       .001069   1.0324E-5    9.584E-4   9.2305E-6
  6.1    8.557E-4   9.5236E-6    7.676E-4   8.4322E-6
  6.2    6.815E-4   9.0477E-6    6.118E-4   7.9521E-6
  6.3    5.403E-4   8.6924E-6    4.852E-4   7.613E-6
  6.4    4.265E-4   8.3512E-6    3.83E-4    7.3101E-6
  6.5    3.35E-4    7.974E-6     3.007E-4   6.9885E-6
  6.6    2.615E-4   7.5431E-6    2.347E-4   6.6262E-6
  6.7    2.0293E-4  7.0614E-6    1.8241E-4  6.2206E-6
  6.8    1.5705E-4  6.5436E-6    1.4127E-4  5.7811E-6
  6.9    1.2133E-4  6.0018E-6    1.0931E-4  5.318E-6
  7      9.377E-5   5.4516E-6    8.475E-5   4.8435E-6
  7.1    7.278E-5   4.9014E-6    6.608E-5   4.3661E-6
  7.2    5.697E-5   4.3646E-6    5.197E-5   3.8974E-6
  7.3    4.51E-5    3.8519E-6    4.131E-5   3.4464E-6
  7.4    3.622E-5   3.3703E-6    3.324E-5   3.0211E-6
  7.5    2.957E-5   2.922E-6     2.712E-5   2.6227E-6
  7.6    2.451E-5   2.5054E-6    2.245E-5   2.2531E-6
  7.7    2.0639E-5  2.1271E-6    1.8852E-5  1.917E-6
  7.8    1.7688E-5  1.7919E-6    1.6082E-5  1.6186E-6
  7.9    1.5476E-5  1.5048E-6    1.397E-5   1.3606E-6
  8      1.3856E-5  1.2551E-6    1.2398E-5  1.1367E-6
  8.1    1.2729E-5  1.0365E-6    1.1278E-5  9.4158E-7
  8.2    1.1954E-5  8.4801E-7    1.0509E-5  7.7307E-7
  8.3    1.1354E-5  6.976E-7     9.974E-6   6.3548E-7
  8.4    1.0835E-5  5.873E-7     9.567E-6   5.3074E-7
  8.5    1.0397E-5  5.0325E-7    9.212E-6   4.5114E-7
  8.6    9.998E-6   4.2809E-7    8.846E-6   3.8514E-7
  8.7    9.559E-6   3.632E-7     8.431E-6   3.2908E-7
  8.8    9.075E-6   3.2469E-7    7.98E-6    2.896E-7
  8.9    8.608E-6   3.123E-7     7.533E-6   2.7051E-7
  9      8.2E-6     3.0698E-7    7.12E-6    2.6618E-7
  9.1    7.856E-6   3.0189E-7    6.757E-6   2.695E-7
  9.2    7.555E-6   3.061E-7     6.434E-6   2.7793E-7
  9.3    7.232E-6   3.1981E-7    6.117E-6   2.8709E-7
  9.4    6.826E-6   3.259E-7     5.769E-6   2.8788E-7
  9.5    6.323E-6   3.1014E-7    5.374E-6   2.7493E-7
  9.6    5.741E-6   2.7886E-7    4.939E-6   2.5435E-7
  9.7    5.102E-6   2.5805E-7    4.474E-6   2.4018E-7
  9.8    4.461E-6   2.6146E-7    3.997E-6   2.378E-7
  9.9    3.889E-6   2.6749E-7    3.532E-6   2.3614E-7
 10      3.426E-6   2.5233E-7    3.099E-6   2.2358E-7
