#Target	EMC_close	EMC_momfrac	EMC_ke	EMC_dens	A	Z	N	Average_proton_density	Average_neutron_density	Average_density_of_nucleons_sampled_by_protons	Average_density_of_nucleons_sampled_by_neutrons	Excluding_scattered_protons	Excluding_scattered_neutrons	Distance	Probability_of_neutron_within_distance_of_proton	Probability_of_proton_within_distance_of_proton	Probability_of_neutron_within_distance_of_neutron	Momentum_threshold	Fraction_of_protons_above_threshold	Fraction_of_neutrons_above_threshold	Proton_kinetic_energy	Proton_normalization	Neutron_kinetic_energy	Neutron_normalization	fpclose	fnclose	Fpke	fnke
b8	0.016824859780031072	0.05117443524602101	0.0024700008858346573	0.06915297457256005	8	5	3	0.03933419362488341	0.03556535910288714	0.06770060770815198	0.08284526779832595	0.0598300368894877	0.07098388372262908	1.0	0.034805525683627124	0.015119178851789573	0.023866100885193437	2.0	0.0488389274820801	0.07319260291330745	0.002423300649067489	2.9999755481307826	0.0029102707316892153	2.9999755481307826	0.016489329245803964	0.01998809805916551	0.002423300649067489	0.0029102707316892153
b10_3p	0.02227723379593124	0.0702027278738043	0.0030457398895457253	0.08171619956207445	10	5	5	0.04085809978103666	0.04085809978103666	0.08171619956207332	0.08171619956207332	0.07354053636362046	0.07354053636362046	1.0	0.0316699452320092	0.016105652949814423	0.016105652949814423	2.0	0.07020272787380413	0.07020272787380413	0.0030464223283093437	4.999976029924955	0.003042228861315583	4.999976029924955	0.022277233795930367	0.022277233795930367	0.0030464223283093437	0.003042228861315583
b11	0.02429559137549055	0.0791571572970109	0.0031779058078177424	0.0886245679013824	11	5	6	0.04139434796104303	0.04618831641731599	0.08923999743405871	0.08607192315235644	0.08095250381923236	0.07836348727257084	1.0	0.02997002442385719	0.015902495812949072	0.015292210004172167	2.0	0.0809018051458713	0.0719208029561232	0.0032124622781096	5.999992670774626	0.003034574381959694	5.999992670774626	0.024343012979493945	0.02409889865598318	0.0032124622781096	0.003034574381959694
be8	0.023228765550753858	0.07074481023844391	0.002935317670117008	0.06145312355355435	8	4	4	0.03072656177677671	0.03072656177677671	0.06145312355355343	0.06145312355355343	0.05376846759386135	0.05376846759386135	1.0	0.04145110062887184	0.022161084330680546	0.022161084330680546	2.0	0.07074481023844402	0.07074481023844402	0.002935975367306468	3.9999114551414716	0.0029319339329712205	3.9999114551414716	0.0232287655507529	0.0232287655507529	0.002935975367306468	0.0029319339329712205
be10_0p	0.021687593034268576	0.06270194943279969	0.0028229008887306587	0.08250773344925003	10	4	6	0.03588769785813092	0.04381764679641408	0.08415807419688583	0.07598391311909972	0.07517414482180819	0.06867437814920521	1.0	0.03118099944106319	0.021790428432352973	0.01452542625955876	2.0	0.05822874767946358	0.08038457926611124	0.002729838059860281	3.999985411939663	0.003190779568224224	3.999985411939663	0.025245728194343807	0.023066227542505542	0.002729838059860281	0.003190779568224224
be12	0.023686102383329626	0.05752152706530909	0.0027010056118416228	0.07671115107575696	12	4	8	0.030265118433178608	0.04310547434978386	0.08043900857090279	0.06819069573227837	0.07287081683892423	0.06280152006311146	1.0	0.023474919792113812	0.019263021069526855	0.009704724953925768	2.0	0.04684515991626167	0.0819236158368056	0.002530942395159173	3.9995233610564154	0.003089705031063253	3.9995233610564154	0.024558842154549107	0.02169135331986878	0.002530942395159173	0.003089705031063253
c12	0.026293196905615088	0.07993471035765315	0.0033399677373571433	0.09581898734404554	12	6	6	0.047909493672022546	0.047909493672022546	0.09581898734404509	0.09581898734404509	0.08782625695777996	0.08782625695777996	1.0	0.030683138725863875	0.015766627340192883	0.015766627340192883	2.0	0.0799347103576517	0.0799347103576517	0.003340716101805668	6.000038857225697	0.0033361175329932415	6.000038857225697	0.02629319690561477	0.02629319690561477	0.003340716101805668	0.0033361175329932415
ca40_v18	0.030625466205892602	0.07003744334208829	0.0032560768098520406	0.11570203561740912	40	20	20	0.05785101780870434	0.05785101780870434	0.11570203561740866	0.11570203561740866	0.11280874124809562	0.11280874124809562	1.0	0.010285995984326848	0.005291302230125552	0.005291302230125552	2.0	0.07003744334208784	0.07003744334208784	0.0032568063774170617	19.98619819070667	0.003252323312176286	19.98619819070667	0.030625466205892245	0.030625466205892245	0.0032568063774170617	0.003252323312176286
ca40	0.024924267221315223	0.07217360378850225	0.0030338718390535042	0.09189243585160693	40	20	20	0.04594621792580345	0.04594621792580345	0.09189243585160692	0.09189243585160692	0.08959474061234558	0.08959474061234558	1.0	0.00845340211844812	0.0042197173602202594	0.0042197173602202594	2.0	0.07217360378850214	0.07217360378850214	0.0030345516186225277	19.999646103489948	0.003030374491920395	19.999646103489948	0.024924267221314734	0.024924267221314734	0.0030345516186225277	0.003030374491920395
h3	0.012773630975474301	0.0347888228162725	0.001638009549371698	0.10033966543253486	3	1	2	0.03679713659367824	0.06039401889227521	0.1032746147220373	0.09363149475027374	0.06642889705657377	0.06339576711113669	1.0	0.06386815487736712	0.04541606416343093	0.04541606416343093	2.0	0.029644368937107507	0.046547075271225695	0.0014976337306255203	0.9999078515911078	0.0019588549401859776	0.9999078515911078	0.012773630975473424	0.012773630975473424	0.0014976337306255203	0.0019588549401859776
he3	0.010753792454408807	0.04477806420665851	0.0019004428251527025	0.09153361843521811	3	2	1	0.058464258481451294	0.035906010915858745	0.09076589828699445	0.1005099349807405	0.06149965440637306	0.06456166223444573	1.0	0.06318747215377585	0.04435045239031236	0.04435045239031236	2.0	0.04609749736564887	0.02935102386758019	0.0019373344729639896	2.0000412979601396	0.001469099308357557	2.0000412979601396	0.01075379245440882	0.01075379245440882	0.0019373344729639896	0.001469099308357557
he4_v18	0.020577781971072944	0.05573480379101384	0.002421172683821826	0.14887428794292534	4	2	2	0.07443714397146252	0.07443714397146252	0.14887428794292504	0.14887428794292504	0.11160710318753059	0.11160710318753059	1.0	0.07389752124634053	0.05798277721803976	0.05798277721803976	2.0	0.0557348037910125	0.0557348037910125	0.0024217151799487036	1.9999826912422114	0.002418381636013894	1.9999826912422114	0.02057778197107208	0.02057778197107208	0.0024217151799487036	0.002418381636013894
he4	0.022109649458125023	0.06810011342364992	0.002758507103639777	0.16804303071549226	4	2	2	0.08402151535774588	0.08402151535774588	0.16804303071549173	0.16804303071549173	0.12596189312024308	0.12596189312024308	1.0	0.07941918868734951	0.06225811720654201	0.06225811720654201	2.0	0.06810011342365031	0.06810011342365031	0.0027591251840565277	2.0000630892826075	0.0027553271878681877	2.0000630892826075	0.022109649458124103	0.022109649458124103	0.0027591251840565277	0.0027553271878681877
he6	0.02135141983889818	0.04922542807707809	0.002174796459801148	0.06817896820076419	6	2	4	0.033968106056236104	0.02834557849019505	0.07633980742939928	0.0495264134012752	0.05934177995353397	0.042435867199025847	1.0	0.04203442871948937	0.05743679939998078	0.017811217646143875	2.0	0.039360392056487926	0.0717731244374374	0.0019147372478393982	1.9999808892364492	0.002769192276984692	1.9999808892364492	0.022557451427793827	0.018594893252410136	0.0019147372478393982	0.002769192276984692
he8	0.02410350171518362	0.05480584804949791	0.002398723052640288	0.08182781233070104	8	2	6	0.03915924703720478	0.03711809948006297	0.09901635585607534	0.05706515358026977	0.079436622444459	0.0508804170585583	1.0	0.03391521187639481	0.05541505031313025	0.01179746831527767	2.0	0.03428473977683284	0.08436956300803884	0.0019369694371589976	1.9999771323339606	0.003063947956077729	1.9999771323339606	0.02589063215714991	0.021528873957364653	0.0019369694371589976	0.003063947956077729
he10	0.022828053640048956	0.05040349282785187	0.002181263937479244	0.05993779227680889	10	2	8	0.033189973811985025	0.024586636452630168	0.08206219637929155	0.03680362361736583	0.06546980310395205	0.03373104311419941	1.0	0.024688474623911758	0.054483437172354474	0.005979878162156836	2.0	0.023553577728821537	0.07847884624823705	0.0014128726894310254	1.9999749282768287	0.0029847247966469093	1.9999749282768287	0.025199123416364856	0.02034876751534509	0.0014128726894310254	0.0029847247966469093
li6	0.017957847471870948	0.007123393401627507	0.0012041115455393577	0.05617175063936265	6	3	3	0.028085875319680927	0.028085875319680927	0.056171750639361855	0.056171750639361855	0.04681018421582478	0.04681018421582478	1.0	0.044695123468110505	0.022746552157187894	0.022746552157187894	2.0	0.007123393401626969	0.007123393401626969	0.0012043813428378619	0.8659822490299243	0.0012027234855663475	0.8659822490299243	0.01795784747187073	0.01795784747187073	0.0012043813428378619	0.0012027234855663475
li7	0.02037120338446436	0.06239834022665356	0.0026224119173706654	0.06234825261536772	7	3	4	0.02907882376477763	0.03140408397559262	0.06370771363663333	0.05736701489762498	0.05401338526999799	0.04951751172504829	1.0	0.03988152885292696	0.022465054124557713	0.0207295562488218	2.0	0.0650581574588551	0.052652432317490755	0.0026742586904748246	3.9999470823403307	0.002432438760588104	3.9999470823403307	0.020445622366082324	0.02009852279093514	0.0026742586904748246	0.002432438760588104
li8	0.02183810499157703	0.0664348486894327	0.0027650642573494788	0.0799740202485256	8	3	5	0.03605408299956294	0.039876330200132516	0.08399320879197308	0.06862880301508589	0.0719577801810809	0.06064504469080571	1.0	0.03503276094958986	0.02386026937489209	0.015252757040258849	2.0	0.0727432041412563	0.04862785550833646	0.0028951319533490937	5.000061546639616	0.002397913960660885	5.000061546639616	0.02228843434977335	0.0205669318828467	0.0028951319533490937	0.002397913960660885
li9	0.024357696804708968	0.07001300005176264	0.0029415648547107	0.0929253224986179	9	3	6	0.039672904987013376	0.04813107061981628	0.09945042288336087	0.07801144059397942	0.08621025169116671	0.06998222327233186	1.0	0.033157925303552875	0.02545764809261776	0.015131150324149524	2.0	0.0798271423066936	0.04758162735938581	0.0031385953663172306	6.000121296874241	0.0024912285214018044	6.000121296874241	0.024986284800655276	0.02292098524696163	0.0031385953663172306	0.0024912285214018044
li11	0.020373056420632946	0.054909079963155166	0.002360648690116265	0.06847468246562553	11	3	8	0.0315909254532575	0.03249558424405904	0.07943374547330147	0.05044257127443198	0.06890610748448862	0.04638031122343147	1.0	0.021333496471570193	0.022159030272350007	0.007271387210833076	2.0	0.06919111817920544	0.03140932446687716	0.00274206227364646	8.000122107058338	0.0017330683811750713	8.000122107058338	0.021498603231726154	0.01852107461942277	0.00274206227364646	0.0017330683811750713
o16_v18	0.029259401104729844	0.06781198869879758	0.0031535632388897195	0.12246485843718131	16	8	8	0.06123242921859082	0.06123242921859082	0.12246485843718163	0.12246485843718163	0.1148134709851109	0.1148134709851109	1.0	0.024819439280615817	0.013434070971768065	0.013434070971768065	2.0	0.06781198869879737	0.06781198869879737	0.003154269836916241	7.986662885514474	0.0031499279154670688	7.986662885514474	0.029259401104730298	0.029259401104730298	0.003154269836916241	0.0031499279154670688
o16	0.02393091322847235	0.06825038540701071	0.002888757317266243	0.09518248161096031	16	8	8	0.0475912408054797	0.0475912408054797	0.0951824816109594	0.0951824816109594	0.08923257159918535	0.08923257159918535	1.0	0.02054237007725734	0.010710024523809251	0.010710024523809251	2.0	0.06825038540700964	0.06825038540700964	0.002889404581984903	7.9875150644117765	0.0028854272533546674	7.9875150644117765	0.023930913228472347	0.023930913228472347	0.002889404581984903	0.0028854272533546674
be9	0.02331813119590316	0.07018741114728386	0.0029256887140396842	0.0687349362730635	9	4	5	0.03184000351122532	0.03570612305611142	0.06947361812524178	0.06581491645796596	0.06151312185293578	0.05867279630356098	1.0	0.03437888122250142	0.021559580451285938	0.015959644028859393	2.0	0.07274099075757183	0.06009307481091148	0.00298026989126747	4.999798974158827	0.0027099285480536757	4.999798974158827	0.023657314746636494	0.021977333819908528	0.00298026989126747	0.0027099285480536757
b10_3p	0.02227723379593124	0.0702027278738043	0.0030457398895457253	0.08171619956207445	10	5	5	0.04085809978103666	0.04085809978103666	0.08171619956207332	0.08171619956207332	0.07354053636362046	0.07354053636362046	1.0	0.0316699452320092	0.016105652949814423	0.016105652949814423	2.0	0.07020272787380413	0.07020272787380413	0.0030464223283093437	4.999976029924955	0.003042228861315583	4.999976029924955	0.022277233795930367	0.022277233795930367	0.0030464223283093437	0.003042228861315583
