    Q       RHOQNPH     DRHOQNPH    RHOQPPH     DRHOQPPH
   .001  1656          1.5175     950.66        .9866
   .1    1474.2        1.1141     842.63        .77022
   .2    1071           .59579    602.42        .41581
   .3     674.93        .28695    368.65        .1907
   .4     390.19        .14569    205.25        .093981
   .5     215.13        .081732   108.92        .052862
   .6     115.98        .047333    56.81        .030369
   .7      62.199       .027196    29.695       .017411
   .8      33.595       .01669     15.747       .011336
   .9      18.457       .012599     8.5405      .009271
  1        10.396       .011195     4.7607      .0083006
  1.1       6.0601      .010056     2.7401      .0072487
  1.2       3.6802      .0086778    1.6334      .0060224
  1.3       2.3525      .0071901    1.0136      .0047845
  1.4       1.5794      .0057721     .6535      .0036646
  1.5       1.1153      .0045266     .43774     .0027298
  1.6        .82125     .0035161     .30357     .0020032
  1.7        .62836     .0027328     .21756     .0014702
  1.8        .49024     .0021413     .15898     .0010999
  1.9        .39041     .0017055     .11844    8.4925E-4
  2          .31392     .0013771     .089285   6.762E-4
  2.1        .25518     .0011203     .068177   5.4969E-4
  2.2        .20845    9.2246E-4     .052603   4.5405E-4
  2.3        .17156    7.6324E-4     .041163   3.7686E-4
  2.4        .14159    6.3038E-4     .032513   3.1214E-4
  2.5        .11745    5.2043E-4     .025964   2.5824E-4
  2.6        .097575   4.2808E-4     .020873   2.1171E-4
  2.7        .081188   3.4872E-4     .016894   1.7169E-4
  2.8        .067797   2.8318E-4     .013827   1.3867E-4
  2.9        .056897   2.2944E-4     .011487   1.1188E-4
  3          .047904   1.854E-4      .009655   9.009E-5
  3.1        .040486   1.5083E-4     .0082216  7.2917E-5
  3.2        .034323   1.246E-4      .0070688  5.9794E-5
  3.3        .02916    1.055E-4      .0061261  5.0282E-5
  3.4        .024764   9.2319E-5     .0053177  4.3736E-5
  3.5        .021085   8.3171E-5     .0046432  3.9164E-5
  3.6        .017908   7.6636E-5     .0040414  3.586E-5
  3.7        .015222   7.1356E-5     .0035202  3.3247E-5
  3.8        .012893   6.6612E-5     .0030542  3.0966E-5
  3.9        .01096    6.1916E-5     .0026679  2.8781E-5
  4          .0092596  5.705E-5      .0023125  2.6531E-5
  4.1        .00783    5.2075E-5     .0020058  2.4278E-5
  4.2        .0065911  4.7049E-5     .0017305  2.202E-5
  4.3        .0055476  4.1952E-5     .0014902  1.9657E-5
  4.4        .00464    3.7013E-5     .0012722  1.7407E-5
  4.5        .0038795  3.2325E-5     .0010845  1.5211E-5
  4.6        .0032201  2.7896E-5    9.159E-4   1.3167E-5
  4.7        .0026709  2.3861E-5    7.735E-4   1.1335E-5
  4.8        .0022108  2.0213E-5    6.5277E-4  9.6515E-6
  4.9        .0018198  1.6922E-5    5.4711E-4  8.111E-6
  5          .0014939  1.4032E-5    4.5578E-4  6.7559E-6
  5.1        .0012148  1.1533E-5    3.7511E-4  5.592E-6
  5.2       9.8346E-4  9.3811E-6    3.0655E-4  4.6001E-6
  5.3       7.9247E-4  7.569E-6     2.4989E-4  3.7841E-6
  5.4       6.4054E-4  6.0763E-6    2.0449E-4  3.1109E-6
  5.5       5.1108E-4  4.824E-6     1.6562E-4  2.5337E-6
  5.6       4.0952E-4  3.8339E-6    1.3437E-4  2.0852E-6
  5.7       3.2306E-4  3.0827E-6    1.0729E-4  1.7593E-6
  5.8       2.5367E-4  2.5209E-6    8.466E-5   1.5139E-6
  5.9       1.9607E-4  2.1359E-6    6.5747E-5  1.3304E-6
  6         1.513E-4   1.8948E-6    5.0634E-5  1.2138E-6
  6.1       1.1407E-4  1.7402E-6    3.8237E-5  1.1285E-6
  6.2       8.6088E-5  1.6193E-6    2.8871E-5  1.0348E-6
  6.3       6.417E-5   1.5301E-6    2.169E-5   9.5691E-7
  6.4       4.7486E-5  1.4591E-6    1.6047E-5  9.0237E-7
  6.5       3.4254E-5  1.375E-6     1.1614E-5  8.367E-7
  6.6       2.4445E-5  1.2729E-6    8.2199E-6  7.543E-7
  6.7       1.6992E-5  1.1791E-6    5.6294E-6  6.8858E-7
  6.8       1.1547E-5  1.0946E-6    3.7293E-6  6.3916E-7
  6.9       7.6596E-6  9.9522E-7    2.4783E-6  5.7589E-7
  7         4.9865E-6  8.8873E-7    1.6731E-6  5.0268E-7
  7.1       2.9354E-6  8.0215E-7    1.0513E-6  4.5236E-7
  7.2       1.4671E-6  7.3169E-7    5.6668E-7  4.2323E-7
  7.3       4.4518E-7  6.4856E-7    2.0037E-7  3.7569E-7
  7.4      -8.404E-9   5.5839E-7    3.216E-8   3.1203E-7
  7.5      -1.4851E-7  5.0008E-7   -1.0919E-8  2.8911E-7
  7.6       6.9085E-8  4.5948E-7    1.4207E-7  2.8858E-7
  7.7       2.8088E-7  3.8761E-7    3.2669E-7  2.4008E-7
  7.8       6.0358E-7  3.178E-7     5.5708E-7  1.8361E-7
  7.9       8.0099E-7  3.1592E-7    7.0057E-7  2.1065E-7
  8         1.0373E-6  3.112E-7     8.0485E-7  2.2071E-7
  8.1       1.2104E-6  2.4879E-7    8.3179E-7  1.5698E-7
  8.2       1.4429E-6  2.1769E-7    8.7452E-7  1.4311E-7
  8.3       1.5714E-6  2.5262E-7    8.947E-7   2.0231E-7
  8.4       1.6875E-6  2.3953E-7    9.5493E-7  1.9099E-7
  8.5       1.686E-6   1.8584E-7    9.9616E-7  1.3781E-7
  8.6       1.639E-6   2.0423E-7    1.0061E-6  1.7214E-7
  8.7       1.5447E-6  2.4011E-7    9.6055E-7  2.0525E-7
  8.8       1.4615E-6  2.152E-7     8.8282E-7  1.6591E-7
  8.9       1.3631E-6  1.8444E-7    7.7391E-7  1.3539E-7
  9         1.268E-6   2.0578E-7    6.7282E-7  1.7226E-7
  9.1       1.1793E-6  2.1193E-7    6.0488E-7  1.7358E-7
  9.2       1.1239E-6  1.7944E-7    5.8514E-7  1.3204E-7
  9.3       1.1011E-6  1.6522E-7    6.032E-7   1.3505E-7
  9.4       1.0829E-6  1.8379E-7    6.2371E-7  1.6561E-7
  9.5       1.0236E-6  1.8659E-7    6.0462E-7  1.5662E-7
  9.6       8.9249E-7  1.7146E-7    5.1861E-7  1.2955E-7
  9.7       7.0969E-7  1.7071E-7    3.805E-7   1.3802E-7
  9.8       5.1561E-7  1.8427E-7    2.3512E-7  1.5574E-7
  9.9       3.7126E-7  1.8073E-7    1.3653E-7  1.4071E-7
 10         3.1843E-7  1.5864E-7    1.129E-7   1.1272E-7