   R      RHORPP    DRHORPP    RHORNP    DRHORNP    RHORNN    DRHORNN
   .05   .0013357   .0013357   .0119     .0119     .001646    .001646
   .15   .0010476  4.763E-4    .00998    .004096   .0017606  7.469E-4
   .25   .00289    4.774E-4    .02428    .003836   .004246   6.928E-4
   .35   .005611   5.192E-4    .0399     .00347    .007702   7.038E-4
   .45   .01222    5.994E-4    .0859     .003951   .0177     8.579E-4
   .55   .02015    6.507E-4    .1305     .003895   .02906    9.2E-4
   .65   .0303     7.01E-4     .1864     .003953   .04352    9.88E-4
   .75   .0397     7.1E-4      .2309     .003764   .05696    9.98E-4
   .85   .04752    7.01E-4     .2644     .003527   .0687     9.97E-4
   .95   .0535     6.84E-4     .2855     .00328    .0775     9.72E-4
  1.05   .0575     6.57E-4     .2894     .002973   .0822     9.29E-4
  1.15   .0583     6.22E-4     .2783     .002639   .0831     8.79E-4
  1.25   .0576     5.78E-4     .2622     .002334   .0827     8.21E-4
  1.35   .0575     5.46E-4     .2494     .002093   .0823     7.76E-4
  1.45   .0553     5.11E-4     .2278     .001858   .0788     7.22E-4
  1.55   .0545     4.81E-4     .2148     .001675   .0777     6.82E-4
  1.65   .0516     4.46E-4     .195      .00149    .0738     6.34E-4
  1.75   .0495     4.18E-4     .1792     .001342   .0708     5.95E-4
  1.85   .0471     3.89E-4     .1654     .001215   .0677     5.58E-4
  1.95   .0452     3.64E-4     .153      .001101   .0651     5.22E-4
  2.05   .0427     3.36E-4     .1406    9.91E-4    .0618     4.83E-4
  2.15   .0407     3.19E-4     .1304    9.17E-4    .0589     4.59E-4
  2.25   .0382     2.91E-4     .1191    8.24E-4    .0554     4.22E-4
  2.35   .0365     2.73E-4     .1111    7.52E-4    .0532     3.97E-4
  2.45   .0344     2.536E-4    .1028    6.94E-4    .0502     3.7E-4
  2.55   .0328     2.386E-4    .0959    6.39E-4    .0481     3.47E-4
  2.65   .031      2.204E-4    .0893    5.86E-4    .0455     3.21E-4
  2.75   .0291     2.044E-4    .0828    5.39E-4    .0429     2.98E-4
  2.85   .02772    1.93E-4     .0777    5.04E-4    .0409     2.822E-4
  2.95   .02607    1.796E-4    .072     4.69E-4    .0384     2.638E-4
  3.05   .02461    1.679E-4    .0673    4.35E-4    .0363     2.464E-4
  3.15   .0228     1.537E-4    .0622    3.984E-4   .034      2.283E-4
  3.25   .02124    1.449E-4    .0574    3.724E-4   .03154    2.139E-4
  3.35   .02028    1.359E-4    .0544    3.486E-4   .03024    2.017E-4
  3.45   .0187     1.262E-4    .0499    3.235E-4   .02788    1.872E-4
  3.55   .0172     1.176E-4    .0458    3.011E-4   .02575    1.749E-4
  3.65   .01623    1.113E-4    .0429    2.841E-4   .02428    1.657E-4
  3.75   .0148     1.028E-4    .03919   2.618E-4   .02227    1.531E-4
  3.85   .01362    9.64E-5     .03601   2.461E-4   .02053    1.442E-4
  3.95   .01258    9.18E-5     .03311   2.34E-4    .01896    1.366E-4
  4.05   .01148    8.56E-5     .03021   2.182E-4   .01742    1.282E-4
  4.15   .01037    7.94E-5     .02728   2.023E-4   .01572    1.189E-4
  4.25   .00956    7.36E-5     .02516   1.878E-4   .01451    1.109E-4
  4.35   .00848    6.84E-5     .02238   1.758E-4   .013      1.039E-4
  4.45   .00778    6.45E-5     .02051   1.652E-4   .01191    9.77E-5
  4.55   .00686    6.01E-5     .01811   1.544E-4   .01052    9.1E-5
  4.65   .0063     5.61E-5     .01666   1.44E-4    .0097     8.55E-5
  4.75   .00557    5.22E-5     .01479   1.346E-4   .00861    7.98E-5
  4.85   .00495    4.82E-5     .01317   1.245E-4   .0077     7.42E-5
  4.95   .00442    4.46E-5     .01176   1.15E-4    .00689    6.85E-5
  5.05   .00388    4.14E-5     .01039   1.075E-4   .0061     6.43E-5
  5.15   .003441   3.82E-5     .00927   9.99E-5    .00544    5.97E-5
  5.25   .003008   3.501E-5    .00807   9.11E-5    .00474    5.45E-5
  5.35   .002573   3.18E-5     .00692   8.33E-5    .00407    4.98E-5
  5.45   .002236   2.916E-5    .00609   7.72E-5    .00359    4.65E-5
  5.55   .001928   2.693E-5    .00523   7.13E-5    .003089   4.27E-5
  5.65   .001669   2.433E-5    .0046    6.49E-5    .002732   3.93E-5
  5.75   .001496   2.284E-5    .00414   6.09E-5    .002454   3.68E-5
  5.85   .001209   1.992E-5    .003339  5.34E-5    .001983   3.232E-5
  5.95   .001068   1.857E-5    .002979  5.03E-5    .001767   3.046E-5
  6.05  8.82E-4    1.63E-5     .002459  4.42E-5    .001467   2.695E-5
  6.15  7.72E-4    1.498E-5    .002177  4.09E-5    .001296   2.491E-5
  6.25  6.59E-4    1.358E-5    .001869  3.724E-5   .001113   2.274E-5
  6.35  5.48E-4    1.213E-5    .001563  3.35E-5   9.38E-4    2.05E-5
  6.45  4.6E-4     1.107E-5    .001321  3.056E-5  7.94E-4    1.88E-5
  6.55  4E-4       1.004E-5    .001163  2.817E-5  6.99E-4    1.734E-5
  6.65  3.117E-4   8.69E-6    9.13E-4   2.456E-5  5.5E-4     1.523E-5
  6.75  2.637E-4   7.69E-6    7.81E-4   2.214E-5  4.71E-4    1.371E-5
  6.85  2.219E-4   6.94E-6    6.61E-4   2E-5      3.98E-4    1.239E-5
  6.95  1.865E-4   6.23E-6    5.6E-4    1.812E-5  3.4E-4     1.133E-5
  7.05  1.553E-4   5.62E-6    4.75E-4   1.65E-5   2.858E-4   1.029E-5
  7.15  1.294E-4   5.07E-6    4E-4      1.505E-5  2.441E-4   9.49E-6
  7.25  1.097E-4   4.7E-6     3.376E-4  1.383E-5  2.061E-4   8.78E-6
  7.35  9.7E-5     4.24E-6    3.046E-4  1.265E-5  1.846E-4   7.93E-6
  7.45  7.68E-5    3.78E-6    2.385E-4  1.12E-5   1.455E-4   7.15E-6
  7.55  6.38E-5    3.377E-6   2.045E-4  1.02E-5   1.261E-4   6.52E-6
  7.65  5.08E-5    2.869E-6   1.625E-4  8.87E-6   9.85E-5    5.59E-6
  7.75  4.4E-5     2.692E-6   1.41E-4   8.22E-6   8.71E-5    5.27E-6
  7.85  3.66E-5    2.392E-6   1.226E-4  7.66E-6   7.57E-5    4.96E-6
  7.95  2.898E-5   2.047E-6   9.49E-5   6.41E-6   5.86E-5    4.12E-6
  8.05  2.309E-5   1.813E-6   7.92E-5   5.89E-6   4.88E-5    3.8E-6
  8.15  1.716E-5   1.546E-6   5.76E-5   4.96E-6   3.54E-5    3.15E-6
  8.25  1.526E-5   1.477E-6   5.33E-5   4.81E-6   3.3E-5     3.11E-6
  8.35  1.447E-5   1.386E-6   4.91E-5   4.48E-6   3.06E-5    2.94E-6
  8.45  9.44E-6    1.107E-6   3.295E-5  3.68E-6   2.031E-5   2.376E-6
  8.55  8.64E-6    9.75E-7    3.272E-5  3.469E-6  2.049E-5   2.315E-6
  8.65  5.43E-6    7.86E-7    1.946E-5  2.654E-6  1.232E-5   1.791E-6
  8.75  5.68E-6    8E-7       1.983E-5  2.669E-6  1.278E-5   1.827E-6
  8.85  3.72E-6    5.97E-7    1.624E-5  2.395E-6  1.057E-5   1.663E-6
  8.95  3.89E-6    6.78E-7    1.534E-5  2.417E-6  9.9E-6     1.652E-6
  9.05  2.451E-6   4.82E-7    1.001E-5  1.799E-6  6.36E-6    1.243E-6
  9.15  3.1E-6     5.55E-7    1.101E-5  1.883E-6  7.28E-6    1.289E-6
  9.25  2.402E-6   4.64E-7    9.93E-6   1.809E-6  6.26E-6    1.205E-6
  9.35  1.446E-6   3.94E-7    6.71E-6   1.596E-6  4.35E-6    1.14E-6
  9.45  1.452E-6   3.204E-7   7.51E-6   1.503E-6  4.96E-6    1.068E-6
  9.55  1.142E-6   2.91E-7    5.24E-6   1.238E-6  3.44E-6    8.58E-7
  9.65  1.162E-6   3.09E-7    4.6E-6    1.153E-6  2.79E-6    7.36E-7
  9.75  7.84E-7    2.472E-7   3.65E-6   1.014E-6  2.37E-6    7.14E-7
  9.85  5.76E-7    2.027E-7   2.46E-6   8.23E-7   1.575E-6   5.54E-7
  9.95  4.89E-7    1.937E-7   1.871E-6  7.12E-7   1.155E-6   4.65E-7
 10.05  5.67E-7    1.827E-7   2.943E-6  8.88E-7   1.908E-6   6.11E-7
 10.15  1.22E-7    8.15E-8    7.76E-7   4.5E-7    5.49E-7    3.57E-7
 10.25  2.255E-7   9.97E-8    1.53E-6   6.27E-7   1.085E-6   4.79E-7
 10.35  4.14E-8    4.14E-8    2.604E-7  2.604E-7  1.63E-7    1.63E-7
 10.45  3.23E-8    2.5E-8     5.12E-7   3.62E-7   3.662E-7   2.62E-7
 10.55  4.75E-8    4.75E-8    2.294E-7  2.294E-7  1.704E-7   1.704E-7
 10.65  5.74E-8    5.74E-8    2.392E-7  2.392E-7  1.422E-7   1.422E-7
 10.75  3.407E-8   3.407E-8   2.309E-7  2.309E-7  1.657E-7   1.657E-7
 10.85  1.099E-7   7.43E-8    6.95E-7   4.03E-7   4.63E-7    2.95E-7
 10.95  1.01E-7    7.33E-8    4.38E-7   3.11E-7   2.91E-7    2.142E-7
 11.05  1E-7       7.3E-8     4.46E-7   3.152E-7  2.69E-7    2.163E-7
 11.15  0          0          0         0         0          0
 11.25  0          0          0         0         0          0
 11.35  0          0          0         0         0          0
 11.45  0          0          0         0         0          0
 11.55  0          0          0         0         0          0
 11.65  0          0          0         0         0          0
 11.75  0          0          0         0         0          0
 11.85  4.69E-8    4.69E-8    1.884E-7  1.884E-7  1.186E-7   1.186E-7
 11.95  0          0          0         0         0          0
 12.05  0          0          0         0         0          0
 12.15  0          0          0         0         0          0
 12.25  0          0          0         0         0          0
 12.35  0          0          0         0         0          0
 12.45  0          0          0         0         0          0
 12.55  0          0          0         0         0          0
 12.65  0          0          0         0         0          0
 12.75  0          0          0         0         0          0
 12.85  0          0          0         0         0          0
 12.95  0          0          0         0         0          0
 13.05  0          0          0         0         0          0
 13.15  0          0          0         0         0          0
 13.25  0          0          0         0         0          0
 13.35  0          0          0         0         0          0
 13.45  0          0          0         0         0          0
 13.55  0          0          0         0         0          0
 13.65  0          0          0         0         0          0
 13.75  0          0          0         0         0          0
 13.85  0          0          0         0         0          0
 13.95  0          0          0         0         0          0
 14.05  0          0          0         0         0          0
 14.15  0          0          0         0         0          0
 14.25  0          0          0         0         0          0
 14.35  0          0          0         0         0          0
 14.45  0          0          0         0         0          0
 14.55  0          0          0         0         0          0
 14.65  0          0          0         0         0          0
 14.75  0          0          0         0         0          0
 14.85  0          0          0         0         0          0
 14.95  0          0          0         0         0          0
 15.05  0          0          0         0         0          0
 15.15  0          0          0         0         0          0
 15.25  0          0          0         0         0          0
 15.35  0          0          0         0         0          0
 15.45  0          0          0         0         0          0
 15.55  0          0          0         0         0          0
 15.65  0          0          0         0         0          0
 15.75  0          0          0         0         0          0
 15.85  0          0          0         0         0          0
 15.95  0          0          0         0         0          0
 16.05  0          0          0         0         0          0
 16.15  0          0          0         0         0          0
 16.25  0          0          0         0         0          0
 16.35  0          0          0         0         0          0
 16.45  0          0          0         0         0          0
 16.55  0          0          0         0         0          0
 16.65  0          0          0         0         0          0
 16.75  0          0          0         0         0          0
 16.85  0          0          0         0         0          0
 16.95  0          0          0         0         0          0
 17.05  0          0          0         0         0          0
 17.15  0          0          0         0         0          0
 17.25  0          0          0         0         0          0
 17.35  0          0          0         0         0          0
 17.45  0          0          0         0         0          0
 17.55  0          0          0         0         0          0
 17.65  0          0          0         0         0          0
 17.75  0          0          0         0         0          0
 17.85  0          0          0         0         0          0
 17.95  0          0          0         0         0          0
 18.05  0          0          0         0         0          0
 18.15  0          0          0         0         0          0
 18.25  0          0          0         0         0          0
 18.35  0          0          0         0         0          0
 18.45  0          0          0         0         0          0
 18.55  0          0          0         0         0          0
 18.65  0          0          0         0         0          0
 18.75  0          0          0         0         0          0
 18.85  0          0          0         0         0          0
 18.95  0          0          0         0         0          0
 19.05  0          0          0         0         0          0
 19.15  0          0          0         0         0          0
 19.25  0          0          0         0         0          0
 19.35  0          0          0         0         0          0
 19.45  0          0          0         0         0          0
 19.55  0          0          0         0         0          0
 19.65  0          0          0         0         0          0
 19.75  0          0          0         0         0          0
 19.85  0          0          0         0         0          0
 19.95  0          0          0         0         0          0
 20.05  0          0          0         0         0          0
