   R      RHORPP    DRHORPP    RHORNP    DRHORNP    RHORNN    DRHORNN
   .05  0          0          0         0         0          0
   .15   .0011311  2.413E-4    .01043    .002093   .0017536  3.643E-4
   .25   .002445   2.354E-4    .01855    .00167    .00338    3.341E-4
   .35   .005041   2.469E-4    .03618    .001659   .007442   3.824E-4
   .45   .009801   2.723E-4    .0669     .001726   .01592    4.736E-4
   .55   .01652    2.975E-4    .1061     .001757   .02711    5.233E-4
   .65   .02526    3.178E-4    .1541     .001774   .04146    5.593E-4
   .75   .03307    3.256E-4    .1942     .001726   .05498    5.69E-4
   .85   .03951    3.19E-4     .2224     .001614   .0656     5.58E-4
   .95   .0435     3.046E-4    .2372     .001485   .0733     5.39E-4
  1.05   .04453    2.834E-4    .2358     .001331   .0767     5.1E-4
  1.15   .04499    2.638E-4    .2307     .001188   .0789     4.81E-4
  1.25   .04391    2.436E-4    .2191     .001064   .0785     4.53E-4
  1.35   .0423     2.227E-4    .2029    9.36E-4    .0767     4.2E-4
  1.45   .0395     2.056E-4    .1849    8.33E-4    .0732     3.9E-4
  1.55   .0375     1.884E-4    .1728    7.45E-4    .072      3.68E-4
  1.65   .035      1.726E-4    .157     6.61E-4    .0685     3.42E-4
  1.75   .0329     1.593E-4    .1449    5.95E-4    .0662     3.21E-4
  1.85   .0305     1.458E-4    .1315    5.35E-4    .0631     3E-4
  1.95   .0283     1.345E-4    .1202    4.83E-4    .0601     2.8E-4
  2.05   .0263     1.237E-4    .1109    4.348E-4   .0575     2.61E-4
  2.15   .0246     1.153E-4    .1023    3.996E-4   .0552     2.47E-4
  2.25   .023      1.068E-4    .0945    3.641E-4   .0527     2.322E-4
  2.35   .0215     9.87E-5     .0871    3.311E-4   .0502     2.156E-4
  2.45   .02013    9.19E-5     .0808    3.042E-4   .0478     2.023E-4
  2.55   .01894    8.53E-5     .0752    2.811E-4   .0457     1.908E-4
  2.65   .01763    7.92E-5     .0693    2.579E-4   .0432     1.778E-4
  2.75   .01661    7.37E-5     .0648    2.385E-4   .0414     1.674E-4
  2.85   .01564    6.86E-5     .0606    2.206E-4   .0395     1.574E-4
  2.95   .0147     6.41E-5     .0564    2.049E-4   .0374     1.477E-4
  3.05   .01378    5.96E-5     .0523    1.891E-4   .0351     1.372E-4
  3.15   .01297    5.59E-5     .0489    1.774E-4   .0333     1.299E-4
  3.25   .01225    5.27E-5     .0457    1.657E-4   .0316     1.229E-4
  3.35   .01148    4.9E-5      .0424    1.527E-4   .02961    1.143E-4
  3.45   .01085    4.6E-5      .0397    1.434E-4   .02799    1.075E-4
  3.55   .01       4.3E-5      .03642   1.341E-4   .02599    1.013E-4
  3.65   .00937    4.04E-5     .03403   1.251E-4   .02439    9.51E-5
  3.75   .00869    3.77E-5     .03153   1.172E-4   .02285    8.97E-5
  3.85   .00808    3.57E-5     .02903   1.098E-4   .02115    8.42E-5
  3.95   .00741    3.315E-5    .02663   1.027E-4   .01948    7.94E-5
  4.05   .00675    3.087E-5    .02425   9.54E-5    .01791    7.39E-5
  4.15   .00621    2.92E-5     .02214   8.97E-5    .01639    6.95E-5
  4.25   .0056     2.693E-5    .02012   8.32E-5    .015      6.51E-5
  4.35   .00512    2.521E-5    .01829   7.79E-5    .01375    6.11E-5
  4.45   .00462    2.353E-5    .01654   7.25E-5    .01241    5.7E-5
  4.55   .00413    2.183E-5    .01494   6.78E-5    .0113     5.39E-5
  4.65   .00368    2.028E-5    .01333   6.32E-5    .01014    5.04E-5
  4.75   .003276   1.888E-5    .01195   5.89E-5    .00916    4.74E-5
  4.85   .002927   1.739E-5    .01066   5.41E-5    .00816    4.35E-5
  4.95   .002566   1.603E-5    .00943   5.04E-5    .00728    4.08E-5
  5.05   .002242   1.465E-5    .00823   4.62E-5    .00637    3.78E-5
  5.15   .001953   1.344E-5    .0073    4.28E-5    .00569    3.52E-5
  5.25   .001731   1.241E-5    .00651   3.97E-5    .00507    3.267E-5
  5.35   .001466   1.116E-5    .00559   3.623E-5   .00441    3.019E-5
  5.45   .001291   1.03E-5     .00496   3.345E-5   .0039     2.796E-5
  5.55   .001085   9.29E-6     .00425   3.062E-5   .003366   2.56E-5
  5.65  9.33E-4    8.42E-6     .003701  2.809E-5   .002947   2.373E-5
  5.75  7.98E-4    7.65E-6     .003193  2.579E-5   .002543   2.185E-5
  5.85  6.93E-4    7.04E-6     .002819  2.392E-5   .002254   2.036E-5
  5.95  5.7E-4     6.14E-6     .002379  2.137E-5   .001923   1.843E-5
  6.05  4.85E-4    5.59E-6     .002055  1.962E-5   .001659   1.682E-5
  6.15  4.1E-4     5.11E-6     .001762  1.815E-5   .001435   1.568E-5
  6.25  3.33E-4    4.42E-6     .001479  1.614E-5   .001218   1.429E-5
  6.35  2.84E-4    4E-6        .001276  1.479E-5   .001048   1.299E-5
  6.45  2.394E-4   3.63E-6     .001104  1.359E-5  9.14E-4    1.21E-5
  6.55  1.929E-4   3.2E-6     9.17E-4   1.218E-5  7.66E-4    1.099E-5
  6.65  1.656E-4   2.86E-6    7.88E-4   1.105E-5  6.56E-4    9.95E-6
  6.75  1.357E-4   2.544E-6   6.64E-4   1.006E-5  5.54E-4    9.12E-6
  6.85  1.131E-4   2.263E-6   5.69E-4   9.09E-6   4.81E-4    8.34E-6
  6.95  9.12E-5    2.007E-6   4.72E-4   8.18E-6   4.01E-4    7.54E-6
  7.05  7.77E-5    1.789E-6   4.1E-4    7.47E-6   3.5E-4     7E-6
  7.15  6.62E-5    1.635E-6   3.53E-4   6.88E-6   3.02E-4    6.44E-6
  7.25  5.46E-5    1.469E-6   3.02E-4   6.31E-6   2.552E-4   5.79E-6
  7.35  4.33E-5    1.275E-6   2.44E-4   5.58E-6   2.134E-4   5.36E-6
  7.45  3.5E-5     1.097E-6   2.081E-4  5.09E-6   1.806E-4   4.86E-6
  7.55  2.99E-5    1.02E-6    1.802E-4  4.68E-6   1.552E-4   4.44E-6
  7.65  2.5E-5     9.07E-7    1.484E-4  4.19E-6   1.286E-4   4.04E-6
  7.75  2.144E-5   8.29E-7    1.31E-4   3.876E-6  1.146E-4   3.75E-6
  7.85  1.699E-5   7.23E-7    1.072E-4  3.5E-6    9.31E-5    3.38E-6
  7.95  1.43E-5    6.47E-7    9.23E-5   3.173E-6  8.31E-5    3.19E-6
  8.05  1.222E-5   5.9E-7     7.89E-5   2.93E-6   6.85E-5    2.82E-6
  8.15  1.074E-5   5.42E-7    7.25E-5   2.763E-6  6.39E-5    2.71E-6
  8.25  8.59E-6    4.68E-7    5.94E-5   2.442E-6  5.11E-5    2.34E-6
  8.35  6.91E-6    4.16E-7    4.88E-5   2.221E-6  4.35E-5    2.22E-6
  8.45  6.17E-6    3.97E-7    4.36E-5   2.061E-6  3.82E-5    2.024E-6
  8.55  4.5E-6     3.17E-7    3.467E-5  1.795E-6  3.28E-5    1.909E-6
  8.65  4.31E-6    3.12E-7    3.178E-5  1.708E-6  2.92E-5    1.757E-6
  8.75  3.09E-6    2.46E-7    2.473E-5  1.486E-6  2.248E-5   1.507E-6
  8.85  3.17E-6    2.7E-7     2.315E-5  1.457E-6  2.08E-5    1.461E-6
  8.95  2.456E-6   2.195E-7   1.87E-5   1.282E-6  1.657E-5   1.29E-6
  9.05  1.701E-6   1.875E-7   1.363E-5  1.069E-6  1.292E-5   1.121E-6
  9.15  1.665E-6   1.69E-7    1.385E-5  1.049E-6  1.26E-5    1.069E-6
  9.25  1.193E-6   1.477E-7   1.056E-5  9.52E-7   9.46E-6    9.58E-7
  9.35  1.305E-6   1.523E-7   1.115E-5  9.56E-7   1.03E-5    1.013E-6
  9.45  1.047E-6   1.352E-7   8.66E-6   8.41E-7   8.67E-6    9.48E-7
  9.55  8.04E-7    1.192E-7   6.37E-6   7.17E-7   5.91E-6    7.65E-7
  9.65  7.12E-7    1.061E-7   6.26E-6   6.63E-7   6.12E-6    7.34E-7
  9.75  6.32E-7    1.061E-7   4.65E-6   5.95E-7   4.26E-6    6.37E-7
  9.85  6.5E-7     1.051E-7   5.54E-6   6.51E-7   4.57E-6    5.94E-7
  9.95  4.67E-7    8.62E-8    3.805E-6  5.04E-7   4.02E-6    6.11E-7
 10.05  4.53E-7    8.4E-8     3.371E-6  4.91E-7   2.82E-6    4.87E-7
 10.15  3.2E-7     6.74E-8    2.68E-6   4.152E-7  2.43E-6    4.11E-7
 10.25  2.552E-7   6.63E-8    2.187E-6  3.659E-7  2.17E-6    4.29E-7
 10.35  2.404E-7   5.72E-8    1.963E-6  3.654E-7  1.97E-6    4.16E-7
 10.45  1.939E-7   5.87E-8    1.479E-6  3.062E-7  1.628E-6   4.03E-7
 10.55  1.337E-7   4.282E-8   1.062E-6  2.556E-7  1.15E-6    3.33E-7
 10.65  1.918E-7   4.98E-8    1.607E-6  3.207E-7  1.814E-6   3.99E-7
 10.75  1.033E-7   4.1E-8     6.72E-7   2.006E-7  5.15E-7    1.839E-7
 10.85  9.35E-8    3.16E-8    8.59E-7   2.138E-7  9.49E-7    2.617E-7
 10.95  3.567E-8   2.269E-8   2.271E-7  1.16E-7   1.521E-7   8.51E-8
 11.05  1.08E-7    4.02E-8    6.74E-7   1.919E-7  5.41E-7    1.735E-7
 11.15  4.308E-8   2.309E-8   2.818E-7  1.274E-7  1.755E-7   8.64E-8
 11.25  1.766E-8   9.97E-9    2.618E-7  1.07E-7   4.08E-7    1.793E-7
 11.35  5.48E-8    2.7E-8     3.728E-7  1.335E-7  5.38E-7    2.08E-7
 11.45  3.311E-8   2.038E-8   1.678E-7  9.68E-8   8.39E-8    5.22E-8
 11.55  3.123E-8   1.4E-8     3.193E-7  1.165E-7  3.95E-7    1.532E-7
 11.65  1.039E-8   9.15E-9    8.19E-8   6.15E-8   9.1E-8     6.96E-8
 11.75  2.944E-8   2.17E-8    1.073E-7  7.59E-8   4.33E-8    3.08E-8
 11.85  1.006E-8   9.85E-9    5.39E-8   4.73E-8   1.131E-7   9.63E-8
 11.95  3.429E-8   1.639E-8   2.241E-7  9.93E-8   2.636E-7   1.227E-7
 12.05  3.193E-8   1.402E-8   2.952E-7  1.142E-7  2.72E-7    1.148E-7
 12.15  1.07E-8    5.995E-9   1.745E-7  9.03E-8   1.517E-7   8.73E-8
 12.25  0          0          0         0         0          0
 12.35  1.794E-10  1.794E-10  2.142E-8  2.142E-8  5.99E-8    5.99E-8
 12.45  0          0          0         0         0          0
 12.55  7.162E-9   7.162E-9   4.68E-8   4.68E-8   2.498E-8   2.498E-8
 12.65  0          0          0         0         0          0
 12.75  2.282E-8   1.669E-8   1.282E-7  9.51E-8   7.85E-8    5.99E-8
 12.85  3.035E-9   3.035E-9   3.116E-8  3.116E-8  4.114E-8   4.114E-8
 12.95  8.135E-9   8.135E-9   4.6E-8    4.6E-8    1.996E-8   1.996E-8
 13.05  0          0          0         0         0          0
 13.15  2.749E-9   2.749E-9   3.876E-8  3.876E-8  3.032E-8   3.032E-8
 13.25  1.264E-9   1.264E-9   2.817E-8  2.817E-8  4.14E-8    4.14E-8
 13.35  0          0          0         0         0          0
 13.45  0          0          0         0         0          0
 13.55  0          0          0         0         0          0
 13.65  0          0          0         0         0          0
 13.75  0          0          0         0         0          0
 13.85  0          0          0         0         0          0
 13.95  0          0          0         0         0          0
 14.05  0          0          0         0         0          0
 14.15  0          0          0         0         0          0
 14.25  0          0          0         0         0          0
 14.35  0          0          0         0         0          0
 14.45  0          0          0         0         0          0
 14.55  0          0          0         0         0          0
 14.65  0          0          0         0         0          0
 14.75  0          0          0         0         0          0
 14.85  0          0          0         0         0          0
 14.95  0          0          0         0         0          0
 15.05  0          0          0         0         0          0
 15.15  0          0          0         0         0          0
 15.25  0          0          0         0         0          0
 15.35  0          0          0         0         0          0
 15.45  0          0          0         0         0          0
 15.55  0          0          0         0         0          0
 15.65  0          0          0         0         0          0
 15.75  0          0          0         0         0          0
 15.85  0          0          0         0         0          0
 15.95  0          0          0         0         0          0
 16.05  0          0          0         0         0          0
 16.15  0          0          0         0         0          0
 16.25  0          0          0         0         0          0
 16.35  0          0          0         0         0          0
 16.45  0          0          0         0         0          0
 16.55  0          0          0         0         0          0
 16.65  0          0          0         0         0          0
 16.75  0          0          0         0         0          0
 16.85  0          0          0         0         0          0
 16.95  0          0          0         0         0          0
 17.05  0          0          0         0         0          0
 17.15  0          0          0         0         0          0
 17.25  0          0          0         0         0          0
 17.35  0          0          0         0         0          0
 17.45  0          0          0         0         0          0
 17.55  0          0          0         0         0          0
 17.65  0          0          0         0         0          0
 17.75  0          0          0         0         0          0
 17.85  0          0          0         0         0          0
 17.95  0          0          0         0         0          0
 18.05  0          0          0         0         0          0
 18.15  0          0          0         0         0          0
 18.25  0          0          0         0         0          0
 18.35  0          0          0         0         0          0
 18.45  0          0          0         0         0          0
 18.55  0          0          0         0         0          0
 18.65  0          0          0         0         0          0
 18.75  0          0          0         0         0          0
 18.85  0          0          0         0         0          0
 18.95  0          0          0         0         0          0
 19.05  0          0          0         0         0          0
 19.15  0          0          0         0         0          0
 19.25  0          0          0         0         0          0
 19.35  0          0          0         0         0          0
 19.45  0          0          0         0         0          0
 19.55  0          0          0         0         0          0
 19.65  0          0          0         0         0          0
 19.75  0          0          0         0         0          0
 19.85  0          0          0         0         0          0
 19.95  0          0          0         0         0          0
 20.05  0          0          0         0         0          0
