   R      RHORPP    DRHORPP    RHORNP    DRHORNP    RHORNN    DRHORNN
   .05  0          0          0         0         0          0
   .15  8.581E-4   5.782E-4    .00821    .00474    .0011667  6.975E-4
   .25   .002596   5.584E-4    .0254     .004903   .005908    .0012573
   .35   .003509   4.853E-4    .02983    .003715   .009282    .00143
   .45   .009089   6.485E-4    .0696     .004429   .01912     .001405
   .55   .01452    6.891E-4    .1061     .004456   .03333     .001656
   .65   .02246    7.352E-4    .1565     .004498   .05298     .001794
   .75   .02955    7.365E-4    .1967     .0043     .06899     .001805
   .85   .0342     7.25E-4     .2167     .004002   .0791      .001722
   .95   .03869    6.9E-4      .2411     .003686   .0928      .001698
  1.05   .04054    6.46E-4     .2424     .003303   .0982      .001608
  1.15   .03924    5.91E-4     .2323     .002971   .1012      .001563
  1.25   .0394     5.57E-4     .2237     .002684   .1007      .001441
  1.35   .03704    4.92E-4     .2071     .002318   .0989      .001359
  1.45   .03529    4.58E-4     .193      .002103   .0983      .0013
  1.55   .03376    4.25E-4     .1812     .001908   .0967      .001229
  1.65   .03145    3.87E-4     .1666     .001709   .0941      .001161
  1.75   .0299     3.54E-4     .157      .001523   .0935      .001084
  1.85   .028      3.29E-4     .1447     .00141    .0893      .001026
  1.95   .0263     3.01E-4     .135      .001261   .0879     9.68E-4
  2.05   .0246     2.79E-4     .1258     .001157   .0848     9.12E-4
  2.15   .0231     2.59E-4     .1184     .001056   .0837     8.71E-4
  2.25   .02159    2.37E-4     .1108    9.79E-4    .0806     8.22E-4
  2.35   .01997    2.19E-4     .1024    8.95E-4    .0769     7.73E-4
  2.45   .019      2.049E-4    .0969    8.27E-4    .0747     7.24E-4
  2.55   .01754    1.867E-4    .0901    7.65E-4    .0721     6.92E-4
  2.65   .01681    1.753E-4    .0873    7.08E-4    .0717     6.57E-4
  2.75   .01579    1.646E-4    .0819    6.7E-4     .0688     6.24E-4
  2.85   .01476    1.54E-4     .0761    6.22E-4    .0652     5.89E-4
  2.95   .014      1.417E-4    .0727    5.74E-4    .0636     5.55E-4
  3.05   .01321    1.341E-4    .0677    5.4E-4     .0601     5.27E-4
  3.15   .01229    1.23E-4     .0631    4.94E-4    .0569     4.88E-4
  3.25   .01173    1.158E-4    .0606    4.65E-4    .0558     4.66E-4
  3.35   .01119    1.116E-4    .0572    4.46E-4    .0529     4.45E-4
  3.45   .01027    1.013E-4    .0529    4.1E-4     .0497     4.14E-4
  3.55   .00972    9.73E-5     .05      3.939E-4   .0473     3.99E-4
  3.65   .00919    9.09E-5     .0471    3.638E-4   .0448     3.73E-4
  3.75   .0084     8.47E-5     .0433    3.36E-4    .0418     3.46E-4
  3.85   .00813    8.12E-5     .0415    3.227E-4   .0402     3.316E-4
  3.95   .00737    7.53E-5     .03826   3.042E-4   .0377     3.164E-4
  4.05   .00683    7.1E-5      .03521   2.83E-4    .0349     2.947E-4
  4.15   .00643    6.7E-5      .0327    2.657E-4   .03246    2.784E-4
  4.25   .00595    6.31E-5     .0303    2.498E-4   .03019    2.633E-4
  4.35   .00535    5.84E-5     .02753   2.353E-4   .02792    2.502E-4
  4.45   .00483    5.44E-5     .02514   2.169E-4   .02573    2.331E-4
  4.55   .00453    5.23E-5     .02342   2.087E-4   .02404    2.222E-4
  4.65   .00397    4.79E-5     .02088   1.943E-4   .02154    2.102E-4
  4.75   .00363    4.55E-5     .01888   1.797E-4   .01953    1.93E-4
  4.85   .00333    4.31E-5     .01743   1.731E-4   .01811    1.872E-4
  4.95   .002955   3.92E-5     .01572   1.61E-4    .01664    1.758E-4
  5.05   .002586   3.62E-5     .01384   1.464E-4   .01481    1.627E-4
  5.15   .002366   3.335E-5    .0128    1.372E-4   .01367    1.532E-4
  5.25   .002053   3.121E-5    .01115   1.28E-4    .01205    1.43E-4
  5.35   .001774   2.788E-5    .00977   1.165E-4   .01066    1.329E-4
  5.45   .001576   2.606E-5    .00876   1.088E-4   .00972    1.26E-4
  5.55   .001361   2.37E-5     .00778   1.008E-4   .00864    1.162E-4
  5.65   .001214   2.221E-5    .00692   9.31E-5    .00779    1.093E-4
  5.75   .001043   1.993E-5    .00597   8.55E-5    .00682    1.018E-4
  5.85  8.95E-4    1.846E-5    .00526   8E-5       .00597    9.41E-5
  5.95  7.71E-4    1.621E-5    .00465   7.34E-5    .00536    8.87E-5
  6.05  6.57E-4    1.493E-5    .00401   6.69E-5    .00471    8.22E-5
  6.15  5.6E-4     1.352E-5    .003469  6.13E-5    .00416    7.6E-5
  6.25  4.93E-4    1.233E-5    .003139  5.81E-5    .00376    7.28E-5
  6.35  3.94E-4    1.052E-5    .002619  5.1E-5     .003186   6.59E-5
  6.45  3.39E-4    9.82E-6     .002258  4.64E-5    .002809   6.06E-5
  6.55  2.887E-4   8.96E-6     .001953  4.31E-5    .00243    5.63E-5
  6.65  2.433E-4   7.9E-6      .001646  3.828E-5   .002096   5.09E-5
  6.75  1.972E-4   6.98E-6     .001417  3.545E-5   .001847   4.82E-5
  6.85  1.698E-4   6.27E-6     .001251  3.254E-5   .001615   4.4E-5
  6.95  1.444E-4   5.74E-6     .00106   2.986E-5   .001405   4.15E-5
  7.05  1.126E-4   4.79E-6    8.37E-4   2.488E-5   .001148   3.59E-5
  7.15  1.003E-4   4.52E-6    7.64E-4   2.409E-5   .001055   3.51E-5
  7.25  7.89E-5    3.84E-6    6.44E-4   2.157E-5  8.99E-4    3.18E-5
  7.35  7E-5       3.73E-6    5.71E-4   2.047E-5  8E-4       3.04E-5
  7.45  5.96E-5    3.26E-6    4.69E-4   1.769E-5  6.55E-4    2.603E-5
  7.55  4.7E-5     2.91E-6    4.03E-4   1.677E-5  5.77E-4    2.485E-5
  7.65  3.66E-5    2.362E-6   3.377E-4  1.502E-5  4.94E-4    2.277E-5
  7.75  2.97E-5    2.133E-6   2.761E-4  1.327E-5  4.14E-4    2.092E-5
  7.85  2.59E-5    1.953E-6   2.348E-4  1.192E-5  3.57E-4    1.885E-5
  7.95  2.237E-5   1.809E-6   2.02E-4   1.102E-5  3.17E-4    1.835E-5
  8.05  1.765E-5   1.586E-6   1.765E-4  1.01E-5   2.93E-4    1.748E-5
  8.15  1.433E-5   1.299E-6   1.484E-4  9.08E-6   2.31E-4    1.522E-5
  8.25  1.135E-5   1.146E-6   1.105E-4  7.58E-6   1.723E-4   1.269E-5
  8.35  9.88E-6    1.105E-6   9.02E-5   6.85E-6   1.465E-4   1.176E-5
  8.45  8.23E-6    9.54E-7    8.53E-5   6.51E-6   1.406E-4   1.123E-5
  8.55  5.98E-6    7.39E-7    6.97E-5   5.75E-6   1.16E-4    1.02E-5
  8.65  5.28E-6    7.25E-7    5.68E-5   5.12E-6   1.017E-4   9.48E-6
  8.75  4.86E-6    6.3E-7     5.37E-5   4.86E-6   9.42E-5    9.01E-6
  8.85  3.21E-6    5.03E-7    4.21E-5   4.39E-6   7.45E-5    7.89E-6
  8.95  2.3E-6     4.07E-7    3.427E-5  3.882E-6  6.78E-5    7.89E-6
  9.05  2.21E-6    3.6E-7     3.107E-5  3.604E-6  4.84E-5    6.02E-6
  9.15  1.956E-6   3.53E-7    2.648E-5  3.308E-6  4.28E-5    5.63E-6
  9.25  1.525E-6   3.39E-7    1.939E-5  2.945E-6  3.39E-5    5.31E-6
  9.35  8.34E-7    1.878E-7   1.41E-5   2.425E-6  2.87E-5    5.03E-6
  9.45  1.303E-6   2.98E-7    1.393E-5  2.294E-6  2.57E-5    4.36E-6
  9.55  6.25E-7    1.653E-7   9.11E-6   1.761E-6  1.818E-5   3.61E-6
  9.65  5.18E-7    1.343E-7   9.34E-6   1.808E-6  1.831E-5   3.73E-6
  9.75  6.45E-7    2.075E-7   8.68E-6   1.9E-6    1.244E-5   2.82E-6
  9.85  3.87E-7    1.472E-7   5.82E-6   1.404E-6  1.183E-5   3.04E-6
  9.95  3.02E-7    1.093E-7   5.32E-6   1.425E-6  1.045E-5   2.83E-6
 10.05  2.91E-7    9E-8       6.07E-6   1.364E-6  1.412E-5   3.34E-6
 10.15  4.22E-7    1.643E-7   5.36E-6   1.365E-6  8.9E-6     2.23E-6
 10.25  2.378E-7   1.038E-7   2.73E-6   9.45E-7   6.13E-6    2.14E-6
 10.35  2.8E-7     1.008E-7   4.14E-6   1.095E-6  7.46E-6    2.11E-6
 10.45  1.043E-7   6.33E-8    1.623E-6  7.06E-7   3.38E-6    1.445E-6
 10.55  1.718E-7   9.96E-8    1.959E-6  7.82E-7   5.02E-6    1.865E-6
 10.65  6.69E-8    3.24E-8    1.62E-6   6.78E-7   3.93E-6    1.758E-6
 10.75  5.43E-8    2.96E-8    1.434E-6  5.8E-7    4.02E-6    1.692E-6
 10.85  0          0          0         0         0          0
 10.95  4.28E-8    2.734E-8   9.08E-7   5.14E-7   1.709E-6   9.36E-7
 11.05  1.726E-8   1.242E-8   4.67E-7   3.077E-7  1.475E-6   9.81E-7
 11.15  3.24E-8    2.497E-8   6.61E-7   3.733E-7  2.502E-6   1.239E-6
 11.25  3.01E-8    3.01E-8    3.428E-7  3.428E-7  2.55E-7    2.55E-7
 11.35  7.81E-9    6.96E-9    4.005E-7  3.293E-7  1.446E-6   9.57E-7
 11.45  1.12E-8    1.12E-8    2.416E-7  2.416E-7  3.54E-7    3.54E-7
 11.55  1.799E-8   1.799E-8   2.275E-7  2.275E-7  3.51E-7    3.51E-7
 11.65  1.671E-8   1.671E-8   2.342E-7  2.342E-7  3.35E-7    3.35E-7
 11.75  2.024E-9   2.024E-9   1.414E-7  1.414E-7  4.32E-7    4.32E-7
 11.85  0          0          0         0         0          0
 11.95  0          0          0         0         0          0
 12.05  0          0          0         0         0          0
 12.15  0          0          0         0         0          0
 12.25  5.97E-10   5.97E-10   5.925E-8  5.925E-8  4.7E-7     4.7E-7
 12.35  3.001E-10  3.001E-10  1.061E-7  1.061E-7  4.152E-7   4.152E-7
 12.45  5.288E-10  5.288E-10  3.194E-8  3.194E-8  4.808E-7   4.808E-7
 12.55  0          0          0         0         0          0
 12.65  0          0          0         0         0          0
 12.75  0          0          0         0         0          0
 12.85  0          0          0         0         0          0
 12.95  0          0          0         0         0          0
 13.05  0          0          0         0         0          0
 13.15  0          0          0         0         0          0
 13.25  0          0          0         0         0          0
 13.35  0          0          0         0         0          0
 13.45  0          0          0         0         0          0
 13.55  0          0          0         0         0          0
 13.65  0          0          0         0         0          0
 13.75  0          0          0         0         0          0
 13.85  0          0          0         0         0          0
 13.95  0          0          0         0         0          0
 14.05  0          0          0         0         0          0
 14.15  0          0          0         0         0          0
 14.25  0          0          0         0         0          0
 14.35  0          0          0         0         0          0
 14.45  0          0          0         0         0          0
 14.55  0          0          0         0         0          0
 14.65  0          0          0         0         0          0
 14.75  0          0          0         0         0          0
 14.85  0          0          0         0         0          0
 14.95  0          0          0         0         0          0
 15.05  0          0          0         0         0          0
 15.15  0          0          0         0         0          0
 15.25  0          0          0         0         0          0
 15.35  0          0          0         0         0          0
 15.45  0          0          0         0         0          0
 15.55  0          0          0         0         0          0
 15.65  0          0          0         0         0          0
 15.75  0          0          0         0         0          0
 15.85  0          0          0         0         0          0
 15.95  0          0          0         0         0          0
 16.05  0          0          0         0         0          0
 16.15  0          0          0         0         0          0
 16.25  0          0          0         0         0          0
 16.35  0          0          0         0         0          0
 16.45  0          0          0         0         0          0
 16.55  0          0          0         0         0          0
 16.65  0          0          0         0         0          0
 16.75  0          0          0         0         0          0
 16.85  0          0          0         0         0          0
 16.95  0          0          0         0         0          0
 17.05  0          0          0         0         0          0
 17.15  0          0          0         0         0          0
 17.25  0          0          0         0         0          0
 17.35  0          0          0         0         0          0
 17.45  0          0          0         0         0          0
 17.55  0          0          0         0         0          0
 17.65  0          0          0         0         0          0
 17.75  0          0          0         0         0          0
 17.85  0          0          0         0         0          0
 17.95  0          0          0         0         0          0
 18.05  0          0          0         0         0          0
 18.15  0          0          0         0         0          0
 18.25  0          0          0         0         0          0
 18.35  0          0          0         0         0          0
 18.45  0          0          0         0         0          0
 18.55  0          0          0         0         0          0
 18.65  0          0          0         0         0          0
 18.75  0          0          0         0         0          0
 18.85  0          0          0         0         0          0
 18.95  0          0          0         0         0          0
 19.05  0          0          0         0         0          0
 19.15  0          0          0         0         0          0
 19.25  0          0          0         0         0          0
 19.35  0          0          0         0         0          0
 19.45  0          0          0         0         0          0
 19.55  0          0          0         0         0          0
 19.65  0          0          0         0         0          0
 19.75  0          0          0         0         0          0
 19.85  0          0          0         0         0          0
 19.95  0          0          0         0         0          0
 20.05  0          0          0         0         0          0
