   R      RHORPP    DRHORPP    RHORNP    DRHORNP    RHORNN    DRHORNN
   .05  6.43E-4    6.43E-4     .002868   .002868  2.25E-4    2.25E-4
   .15   .0015104  3.533E-4    .00873    .001907  9.521E-4   2.174E-4
   .25   .003539   3.895E-4    .0176     .001623   .002209   2.195E-4
   .35   .007229   4.088E-4    .03279    .001565   .004436   2.282E-4
   .45   .01623    4.904E-4    .067      .001728   .009816   2.748E-4
   .55   .02729    5.185E-4    .1088     .001793   .01691    3.02E-4
   .65   .04027    5.457E-4    .1516     .001764   .02504    3.206E-4
   .75   .05469    5.622E-4    .1944     .001727   .03339    3.264E-4
   .85   .0665     5.61E-4     .226      .001626   .04017    3.216E-4
   .95   .0728     5.35E-4     .236      .001485   .04344    3.076E-4
  1.05   .0765     5.07E-4     .236      .001331   .04504    2.852E-4
  1.15   .0773     4.75E-4     .227      .001182   .04436    2.624E-4
  1.25   .0773     4.46E-4     .2156     .001055   .04344    2.423E-4
  1.35   .076      4.16E-4     .2028    9.35E-4    .0421     2.23E-4
  1.45   .0739     3.92E-4     .1861    8.33E-4    .0396     2.045E-4
  1.55   .0716     3.68E-4     .1717    7.44E-4    .0375     1.875E-4
  1.65   .0685     3.42E-4     .157     6.62E-4    .0349     1.723E-4
  1.75   .0651     3.15E-4     .1425    5.89E-4    .0326     1.571E-4
  1.85   .063      3E-4        .1313    5.31E-4    .0303     1.445E-4
  1.95   .0602     2.79E-4     .1202    4.79E-4    .0283     1.338E-4
  2.05   .0574     2.61E-4     .1109    4.37E-4    .0263     1.239E-4
  2.15   .0554     2.47E-4     .1026    3.983E-4   .0247     1.151E-4
  2.25   .052      2.305E-4    .0935    3.64E-4    .0227     1.066E-4
  2.35   .0499     2.162E-4    .0869    3.324E-4   .0214     9.86E-5
  2.45   .0475     2.03E-4     .0803    3.043E-4   .01997    9.16E-5
  2.55   .0451     1.877E-4    .0744    2.784E-4   .01869    8.49E-5
  2.65   .0436     1.788E-4    .07      2.593E-4   .01778    7.98E-5
  2.75   .0411     1.663E-4    .0647    2.384E-4   .01658    7.36E-5
  2.85   .0388     1.559E-4    .0598    2.191E-4   .01545    6.82E-5
  2.95   .0371     1.477E-4    .056     2.049E-4   .01462    6.41E-5
  3.05   .0352     1.38E-4     .0523    1.893E-4   .01375    5.98E-5
  3.15   .033      1.288E-4    .0485    1.76E-4    .01293    5.58E-5
  3.25   .03133    1.213E-4    .0455    1.643E-4   .01222    5.24E-5
  3.35   .02953    1.141E-4    .0422    1.526E-4   .0114     4.87E-5
  3.45   .02787    1.078E-4    .03957   1.435E-4   .01076    4.6E-5
  3.55   .02577    1.007E-4    .03639   1.34E-4    .00998    4.3E-5
  3.65   .02434    9.46E-5     .0339    1.246E-4   .00936    4.03E-5
  3.75   .02248    8.93E-5     .03114   1.169E-4   .00866    3.79E-5
  3.85   .02103    8.43E-5     .0289    1.094E-4   .00803    3.54E-5
  3.95   .01959    7.88E-5     .02676   1.024E-4   .00748    3.337E-5
  4.05   .01792    7.43E-5     .02438   9.59E-5    .00682    3.123E-5
  4.15   .01638    6.92E-5     .02225   8.92E-5    .00623    2.918E-5
  4.25   .01502    6.52E-5     .02014   8.31E-5    .00562    2.69E-5
  4.35   .01376    6.17E-5     .01829   7.82E-5    .00509    2.518E-5
  4.45   .01251    5.77E-5     .01668   7.3E-5     .00467    2.362E-5
  4.55   .01129    5.34E-5     .01495   6.74E-5    .00416    2.181E-5
  4.65   .01018    5E-5        .01336   6.28E-5    .00371    2.038E-5
  4.75   .00916    4.69E-5     .01199   5.84E-5    .003303   1.876E-5
  4.85   .00817    4.37E-5     .01066   5.41E-5    .002914   1.727E-5
  4.95   .00731    4.07E-5     .00946   5.01E-5    .002563   1.598E-5
  5.05   .00649    3.79E-5     .00838   4.63E-5    .002257   1.465E-5
  5.15   .00579    3.54E-5     .00745   4.32E-5    .001996   1.36E-5
  5.25   .00511    3.301E-5    .00654   3.99E-5    .00173    1.24E-5
  5.35   .00446    3.048E-5    .00567   3.652E-5   .001482   1.127E-5
  5.45   .00389    2.797E-5    .00492   3.342E-5   .001271   1.02E-5
  5.55   .003456   2.595E-5    .00434   3.09E-5    .001105   9.36E-6
  5.65   .00301    2.398E-5    .003756  2.834E-5  9.36E-4    8.46E-6
  5.75   .0026     2.199E-5    .003248  2.582E-5  8.03E-4    7.65E-6
  5.85   .002295   2.054E-5    .002845  2.393E-5  6.96E-4    6.98E-6
  5.95   .001972   1.878E-5    .002432  2.178E-5  5.86E-4    6.3E-6
  6.05   .001687   1.709E-5    .002069  1.963E-5  4.84E-4    5.57E-6
  6.15   .001466   1.572E-5    .001789  1.803E-5  4.14E-4    5.07E-6
  6.25   .001261   1.439E-5    .001533  1.64E-5   3.47E-4    4.51E-6
  6.35   .001089   1.344E-5    .001319  1.519E-5  2.958E-4   4.13E-6
  6.45  9.29E-4    1.21E-5     .001123  1.359E-5  2.465E-4   3.69E-6
  6.55  7.86E-4    1.109E-5   9.43E-4   1.229E-5  2.025E-4   3.26E-6
  6.65  6.94E-4    1.025E-5   8.29E-4   1.136E-5  1.718E-4   2.93E-6
  6.75  5.74E-4    9.18E-6    6.87E-4   1.022E-5  1.403E-4   2.634E-6
  6.85  4.98E-4    8.61E-6    5.96E-4   9.46E-6   1.189E-4   2.363E-6
  6.95  4.28E-4    7.76E-6    5.13E-4   8.56E-6   1.009E-4   2.135E-6
  7.05  3.63E-4    7.18E-6    4.22E-4   7.64E-6   7.86E-5    1.809E-6
  7.15  3.1E-4     6.53E-6    3.688E-4  7.09E-6   6.89E-5    1.672E-6
  7.25  2.631E-4   5.92E-6    3.063E-4  6.3E-6    5.39E-5    1.42E-6
  7.35  2.318E-4   5.55E-6    2.691E-4  5.86E-6   4.74E-5    1.32E-6
  7.45  1.997E-4   5.08E-6    2.305E-4  5.38E-6   3.92E-5    1.191E-6
  7.55  1.609E-4   4.53E-6    1.87E-4   4.77E-6   3.19E-5    1.064E-6
  7.65  1.425E-4   4.27E-6    1.655E-4  4.43E-6   2.83E-5    9.71E-7
  7.75  1.146E-4   3.64E-6    1.378E-4  3.992E-6  2.27E-5    8.46E-7
  7.85  1.054E-4   3.62E-6    1.199E-4  3.714E-6  1.891E-5   7.78E-7
  7.95  8.57E-5    3.11E-6    1.022E-4  3.362E-6  1.617E-5   6.93E-7
  8.05  7.12E-5    2.84E-6    8.19E-5   2.92E-6   1.279E-5   6E-7
  8.15  6.24E-5    2.66E-6    7.08E-5   2.721E-6  1.035E-5   5.19E-7
  8.25  5.23E-5    2.39E-6    6.07E-5   2.481E-6  9.15E-6    4.89E-7
  8.35  4.18E-5    2.113E-6   4.73E-5   2.145E-6  6.69E-6    4.23E-7
  8.45  3.77E-5    2.018E-6   4.35E-5   2.072E-6  6.51E-6    4.14E-7
  8.55  3.43E-5    1.927E-6   3.953E-5  1.966E-6  5.78E-6    3.82E-7
  8.65  2.82E-5    1.756E-6   3.123E-5  1.719E-6  4.4E-6     3.22E-7
  8.75  2.49E-5    1.589E-6   2.833E-5  1.598E-6  4.17E-6    3E-7
  8.85  1.875E-5   1.36E-6    2.098E-5  1.342E-6  3.06E-6    2.62E-7
  8.95  1.679E-5   1.301E-6   1.827E-5  1.246E-6  2.54E-6    2.49E-7
  9.05  1.411E-5   1.19E-6    1.573E-5  1.163E-6  2.054E-6   2.134E-7
  9.15  1.306E-5   1.085E-6   1.5E-5    1.111E-6  2.055E-6   1.976E-7
  9.25  1.156E-5   1.02E-6    1.337E-5  1.045E-6  1.699E-6   1.791E-7
  9.35  9.02E-6    9.59E-7    8.72E-6   8.16E-7   1.179E-6   1.506E-7
  9.45  8.57E-6    8.7E-7     9.56E-6   8.69E-7   1.23E-6    1.446E-7
  9.55  5.89E-6    6.89E-7    7.22E-6   7.4E-7    1.068E-6   1.502E-7
  9.65  5.12E-6    6.85E-7    5.38E-6   6.2E-7    7.17E-7    1.076E-7
  9.75  4.66E-6    6.07E-7    5.56E-6   6.38E-7   7.64E-7    1.12E-7
  9.85  3.85E-6    5.43E-7    4.5E-6    5.68E-7   6.18E-7    1.084E-7
  9.95  2.75E-6    4.68E-7    3.488E-6  5.23E-7   5.47E-7    1.106E-7
 10.05  2.52E-6    4.38E-7    3.269E-6  4.81E-7   4.95E-7    8.75E-8
 10.15  1.879E-6   3.84E-7    1.967E-6  3.561E-7  2.561E-7   6.13E-8
 10.25  1.504E-6   3.49E-7    1.714E-6  3.468E-7  2.115E-7   5.36E-8
 10.35  2.195E-6   4.41E-7    1.906E-6  3.486E-7  3.033E-7   8.65E-8
 10.45  1.667E-6   3.69E-7    1.544E-6  3.103E-7  2.076E-7   5.46E-8
 10.55  1.054E-6   2.82E-7    1.131E-6  2.58E-7   1.616E-7   4.97E-8
 10.65  1.313E-6   3.35E-7    1.163E-6  2.629E-7  1.538E-7   4.79E-8
 10.75  9.99E-7    2.977E-7   6.18E-7   1.91E-7   1.048E-7   3.734E-8
 10.85  8.97E-7    2.763E-7   8.61E-7   2.304E-7  1.447E-7   4.504E-8
 10.95  4.79E-7    1.811E-7   4.99E-7   1.675E-7  5.95E-8    2.428E-8
 11.05  6.16E-7    1.912E-7   6.32E-7   1.849E-7  7.58E-8    2.793E-8
 11.15  3.83E-7    1.437E-7   5.41E-7   1.783E-7  7.68E-8    2.793E-8
 11.25  2.684E-7   1.04E-7    4.493E-7  1.612E-7  6.772E-8   2.576E-8
 11.35  1.447E-7   9.09E-8    1.311E-7  7.86E-8   1.368E-8   9.86E-9
 11.45  1.859E-7   9.61E-8    2.533E-7  1.154E-7  3.467E-8   1.904E-8
 11.55  1.276E-7   8.74E-8    1.406E-7  8.79E-8   1.127E-8   9.23E-9
 11.65  2.378E-7   1.333E-7   1.073E-7  7.2E-8    2.154E-8   1.691E-8
 11.75  3.96E-7    1.573E-7   3.683E-7  1.313E-7  4.597E-8   2.113E-8
 11.85  1.116E-7   6.91E-8    1.421E-7  8.38E-8   1.191E-8   8.31E-9
 11.95  2.67E-7    1.3886E-7  7.95E-8   4.99E-8   2.223E-9   1.424E-9
 12.05  4.284E-8   4.284E-8   3.729E-8  3.729E-8  5.496E-9   5.496E-9
 12.15  9.07E-8    6.95E-8    7.29E-8   5.46E-8   4.838E-9   4.236E-9
 12.25  1.224E-8   1.224E-8   6.01E-8   6.01E-8   1.0512E-8  1.0512E-8
 12.35  0          0          0         0         0          0
 12.45  0          0          0         0         0          0
 12.55  2.93E-8    2.93E-8    4.435E-8  4.435E-8  5.296E-9   5.296E-9
 12.65  7.4286E-8  7.4286E-8  3.326E-9  3.326E-9  5.507E-11  5.507E-11
 12.75  6.76E-8    5.21E-8    7.6E-8    5.54E-8   9.361E-9   8.745E-9
 12.85  0          0          0         0         0          0
 12.95  0          0          0         0         0          0
 13.05  0          0          0         0         0          0
 13.15  2.716E-8   2.716E-8   3.823E-8  3.823E-8  6.496E-9   6.496E-9
 13.25  0          0          0         0         0          0
 13.35  0          0          0         0         0          0
 13.45  0          0          0         0         0          0
 13.55  4.896E-8   4.896E-8   1.647E-8  1.647E-8  2.307E-9   2.307E-9
 13.65  0          0          0         0         0          0
 13.75  0          0          0         0         0          0
 13.85  2.218E-8   2.218E-8   3.674E-8  3.674E-8  5.966E-9   5.966E-9
 13.95  0          0          0         0         0          0
 14.05  0          0          0         0         0          0
 14.15  0          0          0         0         0          0
 14.25  0          0          0         0         0          0
 14.35  0          0          0         0         0          0
 14.45  0          0          0         0         0          0
 14.55  0          0          0         0         0          0
 14.65  0          0          0         0         0          0
 14.75  0          0          0         0         0          0
 14.85  0          0          0         0         0          0
 14.95  0          0          0         0         0          0
 15.05  0          0          0         0         0          0
 15.15  0          0          0         0         0          0
 15.25  0          0          0         0         0          0
 15.35  0          0          0         0         0          0
 15.45  0          0          0         0         0          0
 15.55  0          0          0         0         0          0
 15.65  0          0          0         0         0          0
 15.75  0          0          0         0         0          0
 15.85  0          0          0         0         0          0
 15.95  0          0          0         0         0          0
 16.05  0          0          0         0         0          0
 16.15  0          0          0         0         0          0
 16.25  0          0          0         0         0          0
 16.35  0          0          0         0         0          0
 16.45  0          0          0         0         0          0
 16.55  0          0          0         0         0          0
 16.65  0          0          0         0         0          0
 16.75  0          0          0         0         0          0
 16.85  0          0          0         0         0          0
 16.95  0          0          0         0         0          0
 17.05  0          0          0         0         0          0
 17.15  0          0          0         0         0          0
 17.25  0          0          0         0         0          0
 17.35  0          0          0         0         0          0
 17.45  0          0          0         0         0          0
 17.55  0          0          0         0         0          0
 17.65  0          0          0         0         0          0
 17.75  0          0          0         0         0          0
 17.85  0          0          0         0         0          0
 17.95  0          0          0         0         0          0
 18.05  0          0          0         0         0          0
 18.15  0          0          0         0         0          0
 18.25  0          0          0         0         0          0
 18.35  0          0          0         0         0          0
 18.45  0          0          0         0         0          0
 18.55  0          0          0         0         0          0
 18.65  0          0          0         0         0          0
 18.75  0          0          0         0         0          0
 18.85  0          0          0         0         0          0
 18.95  0          0          0         0         0          0
 19.05  0          0          0         0         0          0
 19.15  0          0          0         0         0          0
 19.25  0          0          0         0         0          0
 19.35  0          0          0         0         0          0
 19.45  0          0          0         0         0          0
 19.55  0          0          0         0         0          0
 19.65  0          0          0         0         0          0
 19.75  0          0          0         0         0          0
 19.85  0          0          0         0         0          0
 19.95  0          0          0         0         0          0
 20.05  0          0          0         0         0          0
