   R    RHORPP_C9  DRHORPP_C9  RHORNP_C9  DRHORNP_C9  RHORNN_C9  DRHORNN_C9
   .05  9.689E-4    6.934E-4    .004664     .003296   3.381E-4   2.643E-4
   .15   .002067    4.711E-4    .00901      .00171    8.673E-4   1.921E-4
   .25   .003596    3.491E-4    .01489      .001327    .0013388  1.395E-4
   .35   .007178    3.776E-4    .02617      .00125     .002565   1.408E-4
   .45   .01557     4.435E-4    .05187      .00134     .005496   1.661E-4
   .55   .02757     5.042E-4    .0844       .001393    .009484   1.832E-4
   .65   .0417      5.364E-4    .1201       .001384    .01418    1.929E-4
   .75   .05473     5.389E-4    .1514       .001333    .01894    1.977E-4
   .85   .0676      5.409E-4    .1772       .001266    .02306    1.973E-4
   .95   .0745      5.22E-4     .1867       .001154    .02515    1.876E-4
  1.05   .0785      4.97E-4     .1876       .001045    .02624    1.754E-4
  1.15   .081       4.7E-4      .1847      9.36E-4     .02693    1.648E-4
  1.25   .0801      4.36E-4     .1741      8.29E-4     .02626    1.5E-4
  1.35   .0782      4.08E-4     .1611      7.36E-4     .02519    1.376E-4
  1.45   .0768      3.86E-4     .1504      6.59E-4     .02429    1.27E-4
  1.55   .0747      3.61E-4     .1394      5.85E-4     .02306    1.153E-4
  1.65   .0726      3.4E-4      .1295      5.27E-4     .02191    1.061E-4
  1.75   .0699      3.17E-4     .1188      4.72E-4     .02053    9.7E-5
  1.85   .0668      2.97E-4     .1091      4.261E-4    .01932    8.89E-5
  1.95   .0642      2.77E-4     .1009      3.843E-4    .01809    8.13E-5
  2.05   .0613      2.59E-4     .0925      3.463E-4    .01678    7.42E-5
  2.15   .0586      2.44E-4     .0854      3.171E-4    .01557    6.83E-5
  2.25   .0561      2.287E-4    .0789      2.89E-4     .01448    6.27E-5
  2.35   .0528      2.133E-4    .0721      2.621E-4    .01334    5.73E-5
  2.45   .0507      2.003E-4    .0671      2.403E-4    .01247    5.28E-5
  2.55   .0482      1.877E-4    .0619      2.196E-4    .01149    4.82E-5
  2.65   .0454      1.752E-4    .0568      2.014E-4    .01054    4.41E-5
  2.75   .0429      1.633E-4    .0524      1.847E-4    .00974    4.08E-5
  2.85   .0407      1.541E-4    .0487      1.715E-4    .00902    3.76E-5
  2.95   .038       1.431E-4    .0444      1.561E-4    .00819    3.43E-5
  3.05   .0359      1.355E-4    .0411      1.457E-4    .00755    3.18E-5
  3.15   .0334      1.255E-4    .03759     1.337E-4    .00689    2.91E-5
  3.25   .0313      1.182E-4    .03458     1.242E-4    .00628    2.69E-5
  3.35   .0292      1.109E-4    .03168     1.153E-4    .00574    2.486E-5
  3.45   .02711     1.04E-4     .02893     1.064E-4    .00519    2.269E-5
  3.55   .02518     9.76E-5     .02653     9.87E-5     .0047     2.085E-5
  3.65   .02334     9.14E-5     .02418     9.18E-5     .00428    1.938E-5
  3.75   .02176     8.63E-5     .0222      8.56E-5     .00387    1.786E-5
  3.85   .02005     8.09E-5     .0202      7.94E-5     .003488   1.65E-5
  3.95   .01823     7.56E-5     .01808     7.32E-5     .003069   1.499E-5
  4.05   .01671     7.11E-5     .01637     6.81E-5     .002762   1.388E-5
  4.15   .01521     6.67E-5     .01477     6.33E-5     .002453   1.273E-5
  4.25   .0137      6.23E-5     .01313     5.85E-5     .002152   1.161E-5
  4.35   .01249     5.82E-5     .01184     5.41E-5     .001908   1.058E-5
  4.45   .0114      5.49E-5     .01066     5.05E-5     .001695   9.74E-6
  4.55   .01034     5.14E-5     .00953     4.66E-5     .001487   8.85E-6
  4.65   .00927     4.77E-5     .00846     4.29E-5     .001294   8.06E-6
  4.75   .00828     4.47E-5     .00747     3.97E-5     .001125   7.39E-6
  4.85   .00738     4.14E-5     .00657     3.627E-5   9.72E-4    6.61E-6
  4.95   .00668     3.9E-5      .00587     3.374E-5   8.45E-4    6.02E-6
  5.05   .00589     3.61E-5     .00512     3.092E-5   7.23E-4    5.46E-6
  5.15   .00526     3.384E-5    .00452     2.854E-5   6.29E-4    4.97E-6
  5.25   .00466     3.149E-5    .003975    2.641E-5   5.42E-4    4.502E-6
  5.35   .00422     2.965E-5    .00355     2.431E-5   4.73E-4    4.086E-6
  5.45   .00366     2.73E-5     .003029    2.216E-5   3.889E-4   3.599E-6
  5.55   .003283    2.545E-5    .002697    2.056E-5   3.397E-4   3.304E-6
  5.65   .002887    2.384E-5    .002326    1.872E-5   2.875E-4   2.973E-6
  5.75   .002517    2.184E-5    .002017    1.712E-5   2.426E-4   2.653E-6
  5.85   .002234    2.026E-5    .001767    1.577E-5   2.078E-4   2.396E-6
  5.95   .002011    1.902E-5    .001565    1.446E-5   1.776E-4   2.13E-6
  6.05   .001735    1.744E-5    .00134     1.325E-5   1.501E-4   1.924E-6
  6.15   .001511    1.616E-5    .001145    1.198E-5   1.223E-4   1.684E-6
  6.25   .001322    1.496E-5   9.97E-4     1.101E-5   1.055E-4   1.542E-6
  6.35   .001162    1.384E-5   8.66E-4     1.006E-5   8.76E-5    1.363E-6
  6.45   .001022    1.282E-5   7.53E-4     9.21E-6    7.34E-5    1.202E-6
  6.55  8.85E-4     1.186E-5   6.42E-4     8.36E-6    6.04E-5    1.052E-6
  6.65  7.73E-4     1.097E-5   5.55E-4     7.66E-6    5.068E-5   9.45E-7
  6.75  6.69E-4     1.003E-5   4.69E-4     6.83E-6    4.094E-5   8.13E-7
  6.85  6.13E-4     9.59E-6    4.31E-4     6.56E-6    3.704E-5   7.67E-7
  6.95  5.16E-4     8.64E-6    3.571E-4    5.83E-6    2.981E-5   6.78E-7
  7.05  4.33E-4     7.88E-6    2.952E-4    5.22E-6    2.396E-5   5.81E-7
  7.15  3.97E-4     7.49E-6    2.661E-4    4.89E-6    2.059E-5   5.28E-7
  7.25  3.27E-4     6.67E-6    2.19E-4     4.34E-6    1.642E-5   4.575E-7
  7.35  2.864E-4    6.21E-6    1.918E-4    4.04E-6    1.391E-5   4.114E-7
  7.45  2.625E-4    5.92E-6    1.716E-4    3.743E-6   1.158E-5   3.525E-7
  7.55  2.232E-4    5.36E-6    1.463E-4    3.399E-6   9.75E-6    3.18E-7
  7.65  1.935E-4    4.94E-6    1.241E-4    3.064E-6   8.12E-6    2.82E-7
  7.75  1.693E-4    4.6E-6     1.072E-4    2.818E-6   6.62E-6    2.537E-7
  7.85  1.517E-4    4.28E-6    9.34E-5     2.566E-6   5.48E-6    2.185E-7
  7.95  1.242E-4    3.84E-6    7.77E-5     2.332E-6   4.571E-6   2.031E-7
  8.05  1.069E-4    3.53E-6    6.59E-5     2.107E-6   3.606E-6   1.709E-7
  8.15  9.27E-5     3.28E-6    5.66E-5     1.932E-6   3.004E-6   1.523E-7
  8.25  9.04E-5     3.19E-6    5.51E-5     1.879E-6   2.923E-6   1.483E-7
  8.35  8.07E-5     3.03E-6    4.73E-5     1.715E-6   2.286E-6   1.286E-7
  8.45  6.72E-5     2.732E-6   3.91E-5     1.565E-6   2.002E-6   1.242E-7
  8.55  5.66E-5     2.467E-6   3.241E-5    1.358E-6   1.505E-6   9.66E-8
  8.65  4.82E-5     2.24E-6    2.749E-5    1.251E-6   1.138E-6   7.85E-8
  8.75  4.17E-5     2.031E-6   2.507E-5    1.182E-6   1.216E-6   9.3E-8
  8.85  3.73E-5     1.958E-6   2.056E-5    1.038E-6   8.9E-7     7.08E-8
  8.95  3.02E-5     1.751E-6   1.696E-5    9.39E-7    6.54E-7    5.52E-8
  9.05  2.804E-5    1.67E-6    1.536E-5    8.84E-7    6.12E-7    5.52E-8
  9.15  2.461E-5    1.516E-6   1.372E-5    8.28E-7    5.04E-7    5.36E-8
  9.25  2.125E-5    1.415E-6   1.16E-5     7.57E-7    3.891E-7   3.909E-8
  9.35  1.718E-5    1.237E-6   9.36E-6     6.57E-7    3.372E-7   4.014E-8
  9.45  1.519E-5    1.198E-6   7.88E-6     6.08E-7    2.528E-7   2.837E-8
  9.55  1.324E-5    1.062E-6   7.05E-6     5.51E-7    2.127E-7   2.578E-8
  9.65  1.172E-5    9.97E-7    6.31E-6     5.15E-7    2.335E-7   3.069E-8
  9.75  1.227E-5    1.034E-6   6.37E-6     5.22E-7    1.987E-7   2.637E-8
  9.85  7.89E-6     8.19E-7    4.47E-6     4.47E-7    1.497E-7   2.256E-8
  9.95  1.022E-5    9.39E-7    5.46E-6     4.85E-7    1.899E-7   2.834E-8
 10.05  6.51E-6     7.07E-7    3.71E-6     3.84E-7    1.254E-7   2.145E-8
 10.15  5.95E-6     6.72E-7    3.409E-6    3.73E-7    1.033E-7   1.697E-8
 10.25  5.34E-6     6.53E-7    2.547E-6    3.093E-7   6.54E-8    1.577E-8
 10.35  4.71E-6     5.94E-7    2.544E-6    3.029E-7   8.31E-8    1.604E-8
 10.45  3.91E-6     5.41E-7    2.048E-6    2.734E-7   5.352E-8   1.05E-8
 10.55  3.92E-6     5.39E-7    2.001E-6    2.767E-7   7.32E-8    1.592E-8
 10.65  3.3E-6      4.91E-7    1.817E-6    2.549E-7   5.89E-8    1.479E-8
 10.75  2.87E-6     4.5E-7     1.487E-6    2.329E-7   3.36E-8    8.65E-9
 10.85  2.528E-6    4.26E-7    1.332E-6    2.24E-7    3.141E-8   7.66E-9
 10.95  1.747E-6    3.4E-7     8.14E-7     1.559E-7   1.179E-8   3.708E-9
 11.05  2.01E-6     3.75E-7    9.86E-7     1.788E-7   1.366E-8   3.762E-9
 11.15  2.526E-6    4.13E-7    1.133E-6    1.79E-7    2.311E-8   5.83E-9
 11.25  1.55E-6     3.25E-7    7.13E-7     1.475E-7   1.658E-8   5.91E-9
 11.35  1.042E-6    2.56E-7    4.96E-7     1.196E-7   6.71E-9    2.357E-9
 11.45  1.192E-6    2.76E-7    4.7E-7      1.113E-7   7.5E-9     3.556E-9
 11.55  9.87E-7     2.45E-7    4.21E-7     1.019E-7   8.15E-9    3.753E-9
 11.65  9.68E-7     2.204E-7   5.6E-7      1.255E-7   1.178E-8   5.5E-9
 11.75  7.82E-7     2.172E-7   3.667E-7    9.71E-8    3.96E-9    1.613E-9
 11.85  5.67E-7     1.936E-7   2.107E-7    6.63E-8    1.344E-9   6.25E-10
 11.95  4.61E-7     1.522E-7   2.316E-7    7.71E-8    4.508E-9   1.691E-9
 12.05  9.04E-7     2.241E-7   3.95E-7     9.49E-8    2.536E-9   8.8E-10
 12.15  2.59E-7     1.127E-7   1.43E-7     6.22E-8    1.475E-9   9.31E-10
 12.25  5.43E-7     1.723E-7   2.509E-7    7.8E-8     1.887E-9   8.55E-10
 12.35  3.68E-7     1.388E-7   1.528E-7    5.84E-8    1.811E-9   8.79E-10
 12.45  2.56E-7     1.077E-7   1.258E-7    5.24E-8    2.978E-9   2.11E-9
 12.55  5.557E-8    5.557E-8   7.57E-9     7.57E-9    6.64E-12   6.64E-12
 12.65  1.692E-7    9.23E-8    7.89E-8     4.04E-8    4.636E-10  2.39E-10
 12.75  1.394E-7    9.12E-8    4.39E-8     2.667E-8   3.215E-10  1.905E-10
 12.85  3.98E-8     3.98E-8    2.025E-8    2.025E-8   2.102E-10  2.102E-10
 12.95  1.114E-7    6.94E-8    6.43E-8     3.826E-8   2.184E-9   1.907E-9
 13.05  8.3E-8      5.99E-8    3.37E-8     2.423E-8   1.223E-10  1.175E-10
 13.15  4.23E-8     4.23E-8    1.525E-8    1.525E-8   3.67E-11   3.67E-11
 13.25  8.03E-8     5.72E-8    3.283E-8    2.421E-8   2.003E-10  1.595E-10
 13.35  0           0          0           0          0          0
 13.45  1.36E-7     8.26E-8    2.881E-8    1.75E-8    7.51E-11   1.011E-10
 13.55  0           0          0           0          0          0
 13.65  0           0          0           0          0          0
 13.75  5.052E-8    5.052E-8   2.112E-9    2.112E-9   1.751E-11  1.751E-11
 13.85  0           0          0           0          0          0
 13.95  4.919E-8    4.919E-8   1.924E-9    1.924E-9   1.61E-11   1.61E-11
 14.05  0           0          0           0          0          0
 14.15  0           0          0           0          0          0
 14.25  0           0          0           0          0          0
 14.35  0           0          0           0          0          0
 14.45  0           0          0           0          0          0
 14.55  2.82E-8     2.82E-8    1.836E-8    1.836E-8   4.466E-10  4.466E-10
 14.65  0           0          0           0          0          0
 14.75  0           0          0           0          0          0
 14.85  0           0          0           0          0          0
 14.95  0           0          0           0          0          0
 15.05  0           0          0           0          0          0
 15.15  0           0          0           0          0          0
 15.25  0           0          0           0          0          0
 15.35  0           0          0           0          0          0
 15.45  0           0          0           0          0          0
 15.55  0           0          0           0          0          0
 15.65  0           0          0           0          0          0
 15.75  0           0          0           0          0          0
 15.85  0           0          0           0          0          0
 15.95  0           0          0           0          0          0
 16.05  0           0          0           0          0          0
 16.15  0           0          0           0          0          0
 16.25  0           0          0           0          0          0
 16.35  0           0          0           0          0          0
 16.45  0           0          0           0          0          0
 16.55  0           0          0           0          0          0
 16.65  0           0          0           0          0          0
 16.75  0           0          0           0          0          0
 16.85  0           0          0           0          0          0
 16.95  0           0          0           0          0          0
 17.05  0           0          0           0          0          0
 17.15  0           0          0           0          0          0
 17.25  0           0          0           0          0          0
 17.35  0           0          0           0          0          0
 17.45  0           0          0           0          0          0
 17.55  0           0          0           0          0          0
 17.65  0           0          0           0          0          0
 17.75  0           0          0           0          0          0
 17.85  0           0          0           0          0          0
 17.95  0           0          0           0          0          0
 18.05  0           0          0           0          0          0
 18.15  0           0          0           0          0          0
 18.25  0           0          0           0          0          0
 18.35  0           0          0           0          0          0
 18.45  0           0          0           0          0          0
 18.55  0           0          0           0          0          0
 18.65  0           0          0           0          0          0
 18.75  0           0          0           0          0          0
 18.85  0           0          0           0          0          0
 18.95  0           0          0           0          0          0
 19.05  0           0          0           0          0          0
 19.15  0           0          0           0          0          0
 19.25  0           0          0           0          0          0
 19.35  0           0          0           0          0          0
 19.45  0           0          0           0          0          0
 19.55  0           0          0           0          0          0
 19.65  0           0          0           0          0          0
 19.75  0           0          0           0          0          0
 19.85  0           0          0           0          0          0
 19.95  0           0          0           0          0          0
 20.05  0           0          0           0          0          0
