   R     RHORPP_V18   DRHORPP_V18   RHORNP_V18   DRHORNP_V18
 0.050   4.5634E-03   1.4686E-03    3.8493E-02   7.3183E-03
 0.150   7.7189E-03   7.8039E-04    5.1463E-02   3.7529E-03
 0.250   1.6749E-02   7.9055E-04    9.5039E-02   3.4803E-03
 0.350   3.6268E-02   1.0029E-03    1.9338E-01   4.0044E-03
 0.450   7.0806E-02   1.1657E-03    3.5360E-01   4.7553E-03
 0.550   1.2454E-01   1.3869E-03    5.8438E-01   5.3396E-03
 0.650   1.8663E-01   1.5398E-03    8.3433E-01   5.5786E-03
 0.750   2.4898E-01   1.5982E-03    1.0548E+00   5.5839E-03
 0.850   2.9980E-01   1.6077E-03    1.2157E+00   5.4650E-03
 0.950   3.3839E-01   1.5365E-03    1.3028E+00   5.1462E-03
 1.050   3.5947E-01   1.4487E-03    1.3157E+00   4.6774E-03
 1.150   3.7273E-01   1.3242E-03    1.2967E+00   4.1641E-03
 1.250   3.7913E-01   1.2555E-03    1.2522E+00   3.6655E-03
 1.350   3.8135E-01   1.1501E-03    1.1942E+00   3.2475E-03
 1.450   3.8279E-01   1.0616E-03    1.1371E+00   2.9008E-03
 1.550   3.8139E-01   1.0033E-03    1.0803E+00   2.5798E-03
 1.650   3.8010E-01   9.1200E-04    1.0273E+00   2.2487E-03
 1.750   3.7746E-01   8.6970E-04    9.7863E-01   2.0935E-03
 1.850   3.7612E-01   8.2498E-04    9.3618E-01   1.9010E-03
 1.950   3.7381E-01   8.0182E-04    8.9871E-01   1.7999E-03
 2.050   3.6980E-01   7.4637E-04    8.6579E-01   1.6321E-03
 2.150   3.6639E-01   7.0957E-04    8.3575E-01   1.5485E-03
 2.250   3.6132E-01   6.7932E-04    8.0506E-01   1.4313E-03
 2.350   3.5673E-01   6.4828E-04    7.7942E-01   1.3403E-03
 2.450   3.5234E-01   6.0964E-04    7.5736E-01   1.2923E-03
 2.550   3.4590E-01   6.0900E-04    7.3303E-01   1.2616E-03
 2.650   3.4051E-01   5.7524E-04    7.1443E-01   1.1674E-03
 2.750   3.3345E-01   5.5874E-04    6.9456E-01   1.1217E-03
 2.850   3.2585E-01   5.2390E-04    6.7554E-01   1.0682E-03
 2.950   3.1731E-01   5.0785E-04    6.5395E-01   1.0155E-03
 3.050   3.0917E-01   4.8494E-04    6.3536E-01   9.6895E-04
 3.150   3.0029E-01   4.7325E-04    6.1581E-01   9.6576E-04
 3.250   2.9148E-01   4.4964E-04    5.9544E-01   9.0585E-04
 3.350   2.8158E-01   4.3386E-04    5.7586E-01   8.9661E-04
 3.450   2.7202E-01   4.2143E-04    5.5329E-01   8.4804E-04
 3.550   2.6132E-01   4.0309E-04    5.3163E-01   8.0461E-04
 3.650   2.5175E-01   3.8628E-04    5.1200E-01   7.7499E-04
 3.750   2.4084E-01   3.6878E-04    4.9100E-01   7.4543E-04
 3.850   2.3162E-01   3.6165E-04    4.7195E-01   7.2857E-04
 3.950   2.2149E-01   3.4721E-04    4.5135E-01   7.0051E-04
 4.050   2.1194E-01   3.3607E-04    4.3144E-01   6.7873E-04
 4.150   2.0188E-01   3.2532E-04    4.0977E-01   6.3871E-04
 4.250   1.9247E-01   3.0887E-04    3.9205E-01   6.1438E-04
 4.350   1.8262E-01   2.9596E-04    3.7243E-01   6.0199E-04
 4.450   1.7377E-01   2.8863E-04    3.5418E-01   5.7530E-04
 4.550   1.6437E-01   2.7945E-04    3.3485E-01   5.5375E-04
 4.650   1.5587E-01   2.6874E-04    3.1760E-01   5.3859E-04
 4.750   1.4737E-01   2.5995E-04    3.0009E-01   5.1682E-04
 4.850   1.3875E-01   2.5345E-04    2.8373E-01   5.0046E-04
 4.950   1.3037E-01   2.4144E-04    2.6558E-01   4.8760E-04
 5.050   1.2436E-01   2.3301E-04    2.5142E-01   4.6213E-04
 5.150   1.1545E-01   2.2722E-04    2.3582E-01   4.5909E-04
 5.250   1.0785E-01   2.2042E-04    2.1985E-01   4.3492E-04
 5.350   1.0132E-01   2.1372E-04    2.0602E-01   4.1572E-04
 5.450   9.4136E-02   2.0473E-04    1.9170E-01   4.1114E-04
 5.550   8.7458E-02   1.9714E-04    1.7877E-01   3.9428E-04
 5.650   8.1083E-02   1.8850E-04    1.6572E-01   3.7525E-04
 5.750   7.4983E-02   1.7771E-04    1.5330E-01   3.6495E-04
 5.850   6.9348E-02   1.7488E-04    1.4147E-01   3.5003E-04
 5.950   6.3908E-02   1.6999E-04    1.3049E-01   3.4044E-04
 6.050   5.8480E-02   1.6175E-04    1.1934E-01   3.2358E-04
 6.150   5.3789E-02   1.5592E-04    1.0969E-01   3.0420E-04
 6.250   4.8744E-02   1.4978E-04    9.9598E-02   2.9454E-04
 6.350   4.4571E-02   1.4387E-04    9.1104E-02   2.8584E-04
 6.450   4.0416E-02   1.3780E-04    8.2721E-02   2.7713E-04
 6.550   3.6556E-02   1.2995E-04    7.4263E-02   2.6202E-04
 6.650   3.2976E-02   1.2435E-04    6.6956E-02   2.4859E-04
 6.750   2.9708E-02   1.1930E-04    6.0510E-02   2.3523E-04
 6.850   2.6642E-02   1.1339E-04    5.4403E-02   2.2624E-04
 6.950   2.3971E-02   1.0658E-04    4.8530E-02   2.1343E-04
 7.050   2.1181E-02   1.0127E-04    4.3183E-02   2.0096E-04
 7.150   1.8781E-02   9.7079E-05    3.8528E-02   1.9033E-04
 7.250   1.6699E-02   9.0059E-05    3.4090E-02   1.8250E-04
 7.350   1.4739E-02   8.5627E-05    2.9857E-02   1.7010E-04
 7.450   1.3019E-02   8.1490E-05    2.6447E-02   1.6400E-04
 7.550   1.1445E-02   7.6321E-05    2.3220E-02   1.5312E-04
 7.650   1.0003E-02   7.1020E-05    2.0071E-02   1.4302E-04
 7.750   8.7731E-03   6.6665E-05    1.7438E-02   1.3411E-04
 7.850   7.6255E-03   6.3563E-05    1.5290E-02   1.2602E-04
 7.950   6.6266E-03   5.8875E-05    1.3306E-02   1.1672E-04
 8.050   5.6835E-03   5.4462E-05    1.1508E-02   1.0886E-04
 8.150   4.9578E-03   5.4031E-05    9.8895E-03   1.0207E-04
 8.250   4.2186E-03   4.8283E-05    8.3788E-03   9.4857E-05
 8.350   3.6716E-03   4.4805E-05    7.2760E-03   8.7913E-05
 8.450   3.1670E-03   4.1268E-05    6.1717E-03   8.2229E-05
 8.550   2.6594E-03   3.8088E-05    5.1518E-03   7.8067E-05
 8.650   2.2733E-03   3.6316E-05    4.4917E-03   7.3788E-05
 8.750   1.9507E-03   3.3025E-05    3.7560E-03   6.6455E-05
 8.850   1.6422E-03   2.9697E-05    3.1193E-03   5.9960E-05
 8.950   1.4045E-03   2.8841E-05    2.7371E-03   5.8683E-05
 9.050   1.2057E-03   2.6662E-05    2.2798E-03   5.9289E-05
 9.150   1.0169E-03   2.4135E-05    1.9257E-03   4.9158E-05
 9.250   8.4001E-04   2.2666E-05    1.5618E-03   4.5962E-05
 9.350   7.0785E-04   2.0142E-05    1.3717E-03   4.2080E-05
 9.450   6.0045E-04   1.8650E-05    1.1008E-03   3.8426E-05
 9.550   5.1106E-04   1.7321E-05    9.2764E-04   3.6038E-05
 9.650   4.1990E-04   1.5918E-05    7.5796E-04   3.2351E-05
 9.750   3.6105E-04   1.4849E-05    6.9306E-04   3.0305E-05
 9.850   3.0231E-04   1.3603E-05    5.4837E-04   2.7781E-05
 9.950   2.6148E-04   1.2607E-05    4.7902E-04   2.5161E-05
10.050   2.0734E-04   1.0926E-05    3.4943E-04   2.2926E-05
10.150   1.7975E-04   1.0297E-05    3.3121E-04   2.1824E-05
10.250   1.4264E-04   9.5986E-06    2.5012E-04   1.9463E-05
10.350   1.1989E-04   8.4347E-06    2.0706E-04   1.7582E-05
10.450   9.9730E-05   7.9927E-06    1.7426E-04   1.6445E-05
10.550   8.3517E-05   7.3262E-06    1.2684E-04   1.5032E-05
10.650   6.9831E-05   6.6971E-06    1.1745E-04   1.3768E-05
10.750   5.9424E-05   6.1950E-06    9.4926E-05   1.2466E-05
10.850   4.8175E-05   5.4070E-06    9.9298E-05   1.1589E-05
10.950   4.1032E-05   4.9480E-06    6.4613E-05   1.0627E-05
11.050   3.1507E-05   4.3653E-06    4.3761E-05   8.9970E-06
11.150   2.9405E-05   4.1924E-06    5.7644E-05   8.9716E-06
11.250   2.3678E-05   3.7681E-06    5.3503E-05   7.8794E-06
11.350   1.9366E-05   3.4495E-06    4.1181E-05   7.1721E-06
11.450   1.3467E-05   2.9119E-06    2.2350E-05   6.4915E-06
11.550   1.2836E-05   2.7741E-06    1.2529E-05   5.4029E-06
11.650   1.0027E-05   2.4926E-06    1.2175E-05   4.9689E-06
11.750   9.2463E-06   2.4346E-06    1.8416E-05   4.8972E-06
11.850   7.7418E-06   2.0949E-06    1.5038E-05   4.7089E-06
11.950   6.1035E-06   1.8121E-06    1.7627E-05   4.1930E-06
12.050   6.1076E-06   1.8102E-06    8.3257E-06   4.1460E-06
12.150   3.7315E-06   1.2438E-06    4.6427E-07   3.1750E-06
12.250   4.9994E-06   1.4233E-06    7.5230E-06   3.2296E-06
12.350   3.3066E-06   1.3111E-06    3.2399E-06   2.5560E-06
12.450   2.5724E-06   1.1800E-06    6.3088E-06   2.3064E-06
12.550   1.8224E-06   1.1446E-06    2.2149E-06   2.0321E-06
12.650   1.4673E-06   1.0331E-06    6.4187E-06   2.4845E-06
12.750   1.2108E-06   7.8730E-07    8.1127E-07   1.6968E-06
12.850   1.5902E-06   1.0817E-06    3.1388E-06   1.8838E-06
12.950   6.6681E-07   5.6845E-07    3.9617E-07   1.3806E-06
13.050   1.1652E-06   6.7088E-07    4.4386E-06   1.7396E-06
13.150   7.9917E-07   7.3200E-07   -1.0082E-06   1.1661E-06
13.250   6.6233E-07   6.3201E-07    5.1849E-07   1.1377E-06
13.350   5.0682E-07   5.0213E-07    2.3716E-06   1.1757E-06
13.450   1.2507E-06   4.5211E-07   -8.4563E-09   8.4904E-07
13.550   2.8202E-07   3.5193E-07    2.3755E-06   9.6521E-07
13.650   2.0442E-07   3.5479E-07    2.7467E-07   5.9583E-07
13.750   2.1420E-07   3.5387E-07   -7.7046E-07   5.6075E-07
13.850   2.1486E-07   2.8243E-07    4.5797E-07   5.3032E-07
13.950   1.4437E-07   1.8679E-07    1.2037E-06   7.1390E-07
14.050   7.7857E-08   2.3908E-07    5.8764E-08   5.0235E-07
14.150   6.0734E-08   1.1176E-07    1.0505E-07   2.6694E-07
14.250   7.2250E-08   9.5737E-08    4.6579E-07   3.6207E-07
14.350   5.1868E-08   1.1833E-07    8.7182E-07   5.3951E-07
14.450   1.0936E-07   2.9383E-07   -4.4420E-07   2.4459E-07
14.550   6.6312E-08   1.2947E-07   -1.5186E-07   1.9630E-07
14.650   3.4784E-08   1.1404E-07   -4.0982E-07   1.6796E-07
14.750   2.2127E-08   3.3392E-08    1.3082E-08   1.9813E-07
14.850   1.2652E-08   3.5331E-08    2.4556E-07   2.2388E-07
14.950   2.1204E-08   4.9147E-08    3.1273E-08   1.3092E-07
15.050  -6.2606E-09   1.1188E-07    1.1262E-07   1.4736E-07
15.150   1.1405E-09   2.1330E-07    1.3427E-07   1.6917E-07
15.250  -4.0599E-08   3.2802E-08   -6.3320E-08   3.4334E-08
15.350   1.0400E-08   6.8828E-08   -4.8513E-08   6.3900E-08
15.450   6.0491E-09   3.1333E-08   -8.2606E-08   6.2430E-08
15.550   3.6658E-09   4.0943E-08   -2.6333E-07   1.1872E-07
15.650   3.4405E-09   2.4068E-08    3.4583E-08   8.0049E-08
15.750   5.0291E-09   1.8843E-08   -2.1471E-08   2.0241E-08
15.850  -3.7469E-09   3.6357E-08   -9.3192E-08   5.9647E-08
15.950   7.2010E-10   4.2378E-08    1.1649E-07   7.4761E-08
16.050   4.6002E-09   2.7332E-08    2.8019E-09   4.0622E-08
16.150  -1.3239E-09   8.1737E-09   -1.5763E-08   1.5056E-08
16.250   1.4274E-09   1.7210E-10   -1.4697E-08   1.7465E-08
16.350   0.0000E+00   0.0000E+00    0.0000E+00   0.0000E+00
16.450   2.7366E-09   2.4878E-08   -5.9530E-08   5.9415E-08
16.550   0.0000E+00   0.0000E+00    0.0000E+00   0.0000E+00
16.650   5.9885E-11   1.2891E-09   -1.5780E-08   1.5774E-08
16.750   9.8736E-11   1.4543E-08    3.8215E-10   3.8207E-10
16.850   0.0000E+00   0.0000E+00    0.0000E+00   0.0000E+00
16.950   0.0000E+00   0.0000E+00    0.0000E+00   0.0000E+00
17.050   0.0000E+00   0.0000E+00    0.0000E+00   0.0000E+00
17.150  -1.2272E-11   6.6238E-11   -3.6442E-08   3.6432E-08
17.250   0.0000E+00   0.0000E+00    0.0000E+00   0.0000E+00
17.350   0.0000E+00   0.0000E+00    0.0000E+00   0.0000E+00
17.450   0.0000E+00   0.0000E+00    0.0000E+00   0.0000E+00
17.550   0.0000E+00   0.0000E+00    0.0000E+00   0.0000E+00
17.650   0.0000E+00   0.0000E+00    0.0000E+00   0.0000E+00
17.750   0.0000E+00   0.0000E+00    0.0000E+00   0.0000E+00
17.850   0.0000E+00   0.0000E+00    0.0000E+00   0.0000E+00
17.950   0.0000E+00   0.0000E+00    0.0000E+00   0.0000E+00
18.050   0.0000E+00   0.0000E+00    0.0000E+00   0.0000E+00
18.150   0.0000E+00   0.0000E+00    0.0000E+00   0.0000E+00
18.250   0.0000E+00   0.0000E+00    0.0000E+00   0.0000E+00
18.350   0.0000E+00   0.0000E+00    0.0000E+00   0.0000E+00
18.450   0.0000E+00   0.0000E+00    0.0000E+00   0.0000E+00
18.550   0.0000E+00   0.0000E+00    0.0000E+00   0.0000E+00
18.650   0.0000E+00   0.0000E+00    0.0000E+00   0.0000E+00
18.750   0.0000E+00   0.0000E+00    0.0000E+00   0.0000E+00
18.850   0.0000E+00   0.0000E+00    0.0000E+00   0.0000E+00
18.950   0.0000E+00   0.0000E+00    0.0000E+00   0.0000E+00
19.050   0.0000E+00   0.0000E+00    0.0000E+00   0.0000E+00
19.150   0.0000E+00   0.0000E+00    0.0000E+00   0.0000E+00
19.250   0.0000E+00   0.0000E+00    0.0000E+00   0.0000E+00
19.350   0.0000E+00   0.0000E+00    0.0000E+00   0.0000E+00
19.450   0.0000E+00   0.0000E+00    0.0000E+00   0.0000E+00
19.550   0.0000E+00   0.0000E+00    0.0000E+00   0.0000E+00
19.650   0.0000E+00   0.0000E+00    0.0000E+00   0.0000E+00
19.750   0.0000E+00   0.0000E+00    0.0000E+00   0.0000E+00
19.850   0.0000E+00   0.0000E+00    0.0000E+00   0.0000E+00
19.950   0.0000E+00   0.0000E+00    0.0000E+00   0.0000E+00
20.050   0.0000E+00   0.0000E+00    0.0000E+00   0.0000E+00
20.150   0.0000E+00   0.0000E+00    0.0000E+00   0.0000E+00
20.250   0.0000E+00   0.0000E+00    0.0000E+00   0.0000E+00
20.350   0.0000E+00   0.0000E+00    0.0000E+00   0.0000E+00
20.450   0.0000E+00   0.0000E+00    0.0000E+00   0.0000E+00
20.550   0.0000E+00   0.0000E+00    0.0000E+00   0.0000E+00
20.650   0.0000E+00   0.0000E+00    0.0000E+00   0.0000E+00
20.750   0.0000E+00   0.0000E+00    0.0000E+00   0.0000E+00
20.850   0.0000E+00   0.0000E+00    0.0000E+00   0.0000E+00
20.950   0.0000E+00   0.0000E+00    0.0000E+00   0.0000E+00
21.050   0.0000E+00   0.0000E+00    0.0000E+00   0.0000E+00
21.150   0.0000E+00   0.0000E+00    0.0000E+00   0.0000E+00
21.250   0.0000E+00   0.0000E+00    0.0000E+00   0.0000E+00
21.350   0.0000E+00   0.0000E+00    0.0000E+00   0.0000E+00
21.450   0.0000E+00   0.0000E+00    0.0000E+00   0.0000E+00
21.550   0.0000E+00   0.0000E+00    0.0000E+00   0.0000E+00
21.650   0.0000E+00   0.0000E+00    0.0000E+00   0.0000E+00
21.750   0.0000E+00   0.0000E+00    0.0000E+00   0.0000E+00
21.850   0.0000E+00   0.0000E+00    0.0000E+00   0.0000E+00
21.950   0.0000E+00   0.0000E+00    0.0000E+00   0.0000E+00
22.050   0.0000E+00   0.0000E+00    0.0000E+00   0.0000E+00
22.150   0.0000E+00   0.0000E+00    0.0000E+00   0.0000E+00
22.250   0.0000E+00   0.0000E+00    0.0000E+00   0.0000E+00
22.350   0.0000E+00   0.0000E+00    0.0000E+00   0.0000E+00
22.450   0.0000E+00   0.0000E+00    0.0000E+00   0.0000E+00
22.550   0.0000E+00   0.0000E+00    0.0000E+00   0.0000E+00
22.650   0.0000E+00   0.0000E+00    0.0000E+00   0.0000E+00
22.750   0.0000E+00   0.0000E+00    0.0000E+00   0.0000E+00
22.850   0.0000E+00   0.0000E+00    0.0000E+00   0.0000E+00
22.950   0.0000E+00   0.0000E+00    0.0000E+00   0.0000E+00
23.050   0.0000E+00   0.0000E+00    0.0000E+00   0.0000E+00
23.150   0.0000E+00   0.0000E+00    0.0000E+00   0.0000E+00
23.250   0.0000E+00   0.0000E+00    0.0000E+00   0.0000E+00
23.350   0.0000E+00   0.0000E+00    0.0000E+00   0.0000E+00
23.450   0.0000E+00   0.0000E+00    0.0000E+00   0.0000E+00
23.550   0.0000E+00   0.0000E+00    0.0000E+00   0.0000E+00
23.650   0.0000E+00   0.0000E+00    0.0000E+00   0.0000E+00
23.750   0.0000E+00   0.0000E+00    0.0000E+00   0.0000E+00
23.850   0.0000E+00   0.0000E+00    0.0000E+00   0.0000E+00
23.950   0.0000E+00   0.0000E+00    0.0000E+00   0.0000E+00
24.050   0.0000E+00   0.0000E+00    0.0000E+00   0.0000E+00
24.150   0.0000E+00   0.0000E+00    0.0000E+00   0.0000E+00
24.250   0.0000E+00   0.0000E+00    0.0000E+00   0.0000E+00
24.350   0.0000E+00   0.0000E+00    0.0000E+00   0.0000E+00
24.450   0.0000E+00   0.0000E+00    0.0000E+00   0.0000E+00
24.550   0.0000E+00   0.0000E+00    0.0000E+00   0.0000E+00
24.650   0.0000E+00   0.0000E+00    0.0000E+00   0.0000E+00
24.750   0.0000E+00   0.0000E+00    0.0000E+00   0.0000E+00
24.850   0.0000E+00   0.0000E+00    0.0000E+00   0.0000E+00
24.950   0.0000E+00   0.0000E+00    0.0000E+00   0.0000E+00
25.050   0.0000E+00   0.0000E+00    0.0000E+00   0.0000E+00
25.150   0.0000E+00   0.0000E+00    0.0000E+00   0.0000E+00
25.250   0.0000E+00   0.0000E+00    0.0000E+00   0.0000E+00
25.350   0.0000E+00   0.0000E+00    0.0000E+00   0.0000E+00
25.450   0.0000E+00   0.0000E+00    0.0000E+00   0.0000E+00
25.550   0.0000E+00   0.0000E+00    0.0000E+00   0.0000E+00
25.650   0.0000E+00   0.0000E+00    0.0000E+00   0.0000E+00
25.750   0.0000E+00   0.0000E+00    0.0000E+00   0.0000E+00
25.850   0.0000E+00   0.0000E+00    0.0000E+00   0.0000E+00
25.950   0.0000E+00   0.0000E+00    0.0000E+00   0.0000E+00
26.050   0.0000E+00   0.0000E+00    0.0000E+00   0.0000E+00
26.150   0.0000E+00   0.0000E+00    0.0000E+00   0.0000E+00
26.250   0.0000E+00   0.0000E+00    0.0000E+00   0.0000E+00
26.350   0.0000E+00   0.0000E+00    0.0000E+00   0.0000E+00
26.450   0.0000E+00   0.0000E+00    0.0000E+00   0.0000E+00
26.550   0.0000E+00   0.0000E+00    0.0000E+00   0.0000E+00
26.650   0.0000E+00   0.0000E+00    0.0000E+00   0.0000E+00
26.750   0.0000E+00   0.0000E+00    0.0000E+00   0.0000E+00
26.850   0.0000E+00   0.0000E+00    0.0000E+00   0.0000E+00
26.950   0.0000E+00   0.0000E+00    0.0000E+00   0.0000E+00
27.050   0.0000E+00   0.0000E+00    0.0000E+00   0.0000E+00
27.150   0.0000E+00   0.0000E+00    0.0000E+00   0.0000E+00
27.250   0.0000E+00   0.0000E+00    0.0000E+00   0.0000E+00
27.350   0.0000E+00   0.0000E+00    0.0000E+00   0.0000E+00
27.450   0.0000E+00   0.0000E+00    0.0000E+00   0.0000E+00
27.550   0.0000E+00   0.0000E+00    0.0000E+00   0.0000E+00
27.650   0.0000E+00   0.0000E+00    0.0000E+00   0.0000E+00
27.750   0.0000E+00   0.0000E+00    0.0000E+00   0.0000E+00
27.850   0.0000E+00   0.0000E+00    0.0000E+00   0.0000E+00
27.950   0.0000E+00   0.0000E+00    0.0000E+00   0.0000E+00
28.050   0.0000E+00   0.0000E+00    0.0000E+00   0.0000E+00
28.150   0.0000E+00   0.0000E+00    0.0000E+00   0.0000E+00
28.250   0.0000E+00   0.0000E+00    0.0000E+00   0.0000E+00
28.350   0.0000E+00   0.0000E+00    0.0000E+00   0.0000E+00
28.450   0.0000E+00   0.0000E+00    0.0000E+00   0.0000E+00
28.550   0.0000E+00   0.0000E+00    0.0000E+00   0.0000E+00
28.650   0.0000E+00   0.0000E+00    0.0000E+00   0.0000E+00
28.750   0.0000E+00   0.0000E+00    0.0000E+00   0.0000E+00
28.850   0.0000E+00   0.0000E+00    0.0000E+00   0.0000E+00
28.950   0.0000E+00   0.0000E+00    0.0000E+00   0.0000E+00
29.050   0.0000E+00   0.0000E+00    0.0000E+00   0.0000E+00
29.150   0.0000E+00   0.0000E+00    0.0000E+00   0.0000E+00
29.250   0.0000E+00   0.0000E+00    0.0000E+00   0.0000E+00
29.350   0.0000E+00   0.0000E+00    0.0000E+00   0.0000E+00
29.450   0.0000E+00   0.0000E+00    0.0000E+00   0.0000E+00
29.550   0.0000E+00   0.0000E+00    0.0000E+00   0.0000E+00
29.650   0.0000E+00   0.0000E+00    0.0000E+00   0.0000E+00
29.750   0.0000E+00   0.0000E+00    0.0000E+00   0.0000E+00
29.850   0.0000E+00   0.0000E+00    0.0000E+00   0.0000E+00
29.950   0.0000E+00   0.0000E+00    0.0000E+00   0.0000E+00
30.050   0.0000E+00   0.0000E+00    0.0000E+00   0.0000E+00
30.150   0.0000E+00   0.0000E+00    0.0000E+00   0.0000E+00
30.250   0.0000E+00   0.0000E+00    0.0000E+00   0.0000E+00
30.350   0.0000E+00   0.0000E+00    0.0000E+00   0.0000E+00
30.450   0.0000E+00   0.0000E+00    0.0000E+00   0.0000E+00
30.550   0.0000E+00   0.0000E+00    0.0000E+00   0.0000E+00
30.650   0.0000E+00   0.0000E+00    0.0000E+00   0.0000E+00
30.750   0.0000E+00   0.0000E+00    0.0000E+00   0.0000E+00
30.850   0.0000E+00   0.0000E+00    0.0000E+00   0.0000E+00
30.950   0.0000E+00   0.0000E+00    0.0000E+00   0.0000E+00
31.050   0.0000E+00   0.0000E+00    0.0000E+00   0.0000E+00
31.150   0.0000E+00   0.0000E+00    0.0000E+00   0.0000E+00
31.250   0.0000E+00   0.0000E+00    0.0000E+00   0.0000E+00
31.350   0.0000E+00   0.0000E+00    0.0000E+00   0.0000E+00
31.450   0.0000E+00   0.0000E+00    0.0000E+00   0.0000E+00
31.550   0.0000E+00   0.0000E+00    0.0000E+00   0.0000E+00
31.650   0.0000E+00   0.0000E+00    0.0000E+00   0.0000E+00
31.750   0.0000E+00   0.0000E+00    0.0000E+00   0.0000E+00
31.850   0.0000E+00   0.0000E+00    0.0000E+00   0.0000E+00
31.950   0.0000E+00   0.0000E+00    0.0000E+00   0.0000E+00
32.050   0.0000E+00   0.0000E+00    0.0000E+00   0.0000E+00
32.150   0.0000E+00   0.0000E+00    0.0000E+00   0.0000E+00
32.250   0.0000E+00   0.0000E+00    0.0000E+00   0.0000E+00
32.350   0.0000E+00   0.0000E+00    0.0000E+00   0.0000E+00
32.450   0.0000E+00   0.0000E+00    0.0000E+00   0.0000E+00
32.550   0.0000E+00   0.0000E+00    0.0000E+00   0.0000E+00
32.650   0.0000E+00   0.0000E+00    0.0000E+00   0.0000E+00
32.750   0.0000E+00   0.0000E+00    0.0000E+00   0.0000E+00
32.850   0.0000E+00   0.0000E+00    0.0000E+00   0.0000E+00
32.950   0.0000E+00   0.0000E+00    0.0000E+00   0.0000E+00
33.050   0.0000E+00   0.0000E+00    0.0000E+00   0.0000E+00
33.150   0.0000E+00   0.0000E+00    0.0000E+00   0.0000E+00
33.250   0.0000E+00   0.0000E+00    0.0000E+00   0.0000E+00
33.350   0.0000E+00   0.0000E+00    0.0000E+00   0.0000E+00
33.450   0.0000E+00   0.0000E+00    0.0000E+00   0.0000E+00
33.550   0.0000E+00   0.0000E+00    0.0000E+00   0.0000E+00
33.650   0.0000E+00   0.0000E+00    0.0000E+00   0.0000E+00
33.750   0.0000E+00   0.0000E+00    0.0000E+00   0.0000E+00
33.850   0.0000E+00   0.0000E+00    0.0000E+00   0.0000E+00
33.950   0.0000E+00   0.0000E+00    0.0000E+00   0.0000E+00
34.050   0.0000E+00   0.0000E+00    0.0000E+00   0.0000E+00
34.150   0.0000E+00   0.0000E+00    0.0000E+00   0.0000E+00
34.250   0.0000E+00   0.0000E+00    0.0000E+00   0.0000E+00
34.350   0.0000E+00   0.0000E+00    0.0000E+00   0.0000E+00
34.450   0.0000E+00   0.0000E+00    0.0000E+00   0.0000E+00
34.550   0.0000E+00   0.0000E+00    0.0000E+00   0.0000E+00
34.650   0.0000E+00   0.0000E+00    0.0000E+00   0.0000E+00
34.750   0.0000E+00   0.0000E+00    0.0000E+00   0.0000E+00
34.850   0.0000E+00   0.0000E+00    0.0000E+00   0.0000E+00
34.950   0.0000E+00   0.0000E+00    0.0000E+00   0.0000E+00
35.050   0.0000E+00   0.0000E+00    0.0000E+00   0.0000E+00
35.150   0.0000E+00   0.0000E+00    0.0000E+00   0.0000E+00
35.250   0.0000E+00   0.0000E+00    0.0000E+00   0.0000E+00
35.350   0.0000E+00   0.0000E+00    0.0000E+00   0.0000E+00
35.450   0.0000E+00   0.0000E+00    0.0000E+00   0.0000E+00
35.550   0.0000E+00   0.0000E+00    0.0000E+00   0.0000E+00
35.650   0.0000E+00   0.0000E+00    0.0000E+00   0.0000E+00
35.750   0.0000E+00   0.0000E+00    0.0000E+00   0.0000E+00
35.850   0.0000E+00   0.0000E+00    0.0000E+00   0.0000E+00
35.950   0.0000E+00   0.0000E+00    0.0000E+00   0.0000E+00
36.050   0.0000E+00   0.0000E+00    0.0000E+00   0.0000E+00
36.150   0.0000E+00   0.0000E+00    0.0000E+00   0.0000E+00
36.250   0.0000E+00   0.0000E+00    0.0000E+00   0.0000E+00
36.350   0.0000E+00   0.0000E+00    0.0000E+00   0.0000E+00
36.450   0.0000E+00   0.0000E+00    0.0000E+00   0.0000E+00
36.550   0.0000E+00   0.0000E+00    0.0000E+00   0.0000E+00
36.650   0.0000E+00   0.0000E+00    0.0000E+00   0.0000E+00
36.750   0.0000E+00   0.0000E+00    0.0000E+00   0.0000E+00
36.850   0.0000E+00   0.0000E+00    0.0000E+00   0.0000E+00
36.950   0.0000E+00   0.0000E+00    0.0000E+00   0.0000E+00
37.050   0.0000E+00   0.0000E+00    0.0000E+00   0.0000E+00
37.150   0.0000E+00   0.0000E+00    0.0000E+00   0.0000E+00
37.250   0.0000E+00   0.0000E+00    0.0000E+00   0.0000E+00
37.350   0.0000E+00   0.0000E+00    0.0000E+00   0.0000E+00
37.450   0.0000E+00   0.0000E+00    0.0000E+00   0.0000E+00
37.550   0.0000E+00   0.0000E+00    0.0000E+00   0.0000E+00
37.650   0.0000E+00   0.0000E+00    0.0000E+00   0.0000E+00
37.750   0.0000E+00   0.0000E+00    0.0000E+00   0.0000E+00
37.850   0.0000E+00   0.0000E+00    0.0000E+00   0.0000E+00
37.950   0.0000E+00   0.0000E+00    0.0000E+00   0.0000E+00
38.050   0.0000E+00   0.0000E+00    0.0000E+00   0.0000E+00
38.150   0.0000E+00   0.0000E+00    0.0000E+00   0.0000E+00
38.250   0.0000E+00   0.0000E+00    0.0000E+00   0.0000E+00
38.350   0.0000E+00   0.0000E+00    0.0000E+00   0.0000E+00
38.450   0.0000E+00   0.0000E+00    0.0000E+00   0.0000E+00
38.550   0.0000E+00   0.0000E+00    0.0000E+00   0.0000E+00
38.650   0.0000E+00   0.0000E+00    0.0000E+00   0.0000E+00
38.750   0.0000E+00   0.0000E+00    0.0000E+00   0.0000E+00
38.850   0.0000E+00   0.0000E+00    0.0000E+00   0.0000E+00
38.950   0.0000E+00   0.0000E+00    0.0000E+00   0.0000E+00
39.050   0.0000E+00   0.0000E+00    0.0000E+00   0.0000E+00
39.150   0.0000E+00   0.0000E+00    0.0000E+00   0.0000E+00
39.250   0.0000E+00   0.0000E+00    0.0000E+00   0.0000E+00
39.350   0.0000E+00   0.0000E+00    0.0000E+00   0.0000E+00
39.450   0.0000E+00   0.0000E+00    0.0000E+00   0.0000E+00
39.550   0.0000E+00   0.0000E+00    0.0000E+00   0.0000E+00
39.650   0.0000E+00   0.0000E+00    0.0000E+00   0.0000E+00
39.750   0.0000E+00   0.0000E+00    0.0000E+00   0.0000E+00
39.850   0.0000E+00   0.0000E+00    0.0000E+00   0.0000E+00
39.950   0.0000E+00   0.0000E+00    0.0000E+00   0.0000E+00
