   R    INTERP(R,RHOLL,RL)   RHORNP  DRHORNP
   .05      5.2289E-4        .00119  5.34E-4
   .15      7.5168E-4       5.46E-4  1.36E-4
   .25       .0013699        .00151  1.38E-4
   .35       .0026544        .00266  1.31E-4
   .45       .0048363        .00496  1.39E-4
   .55       .0078249        .00805  1.45E-4
   .65       .01108          .0113   1.45E-4
   .75       .013859         .0139   1.39E-4
   .85       .015631         .0158   1.31E-4
   .95       .016279         .016    1.18E-4
  1.05       .016001         .016    1.06E-4
  1.15       .015111         .015    9.38E-5
  1.25       .013894         .0138   8.26E-5
  1.35       .012554         .0126   7.32E-5
  1.45       .011218         .0112   6.4E-5
  1.55       .0099547        .00991  5.64E-5
  1.65       .0087979        .00878  4.99E-5
  1.75       .0077585        .00781  4.44E-5
  1.85       .0068357        .00687  3.94E-5
  1.95       .0060226        .00603  3.5E-5
  2.05       .0053095        .00528  3.12E-5
  2.15       .0046857        .00463  2.79E-5
  2.25       .0041406        .00416  2.52E-5
  2.35       .0036645        .00368  2.27E-5
  2.45       .0032485        .00322  2.04E-5
  2.55       .0028847        .0029   1.86E-5
  2.65       .0025661        .00256  1.68E-5
  2.75       .0022867        .00229  1.53E-5
  2.85       .0020413        .00204  1.4E-5
  2.95       .0018254        .00183  1.28E-5
  3.05       .0016351        .00165  1.18E-5
  3.15       .001467         .00151  1.09E-5
  3.25       .0013183        .00132  9.88E-6
  3.35       .0011865        .00117  9.05E-6
  3.45       .0010694        .00107  8.39E-6
  3.55      9.6529E-4       9.61E-4  7.73E-6
  3.65      8.7252E-4       8.77E-4  7.18E-6
  3.75      7.897E-4        7.95E-4  6.66E-6
  3.85      7.1565E-4       7.03E-4  6.1E-6
  3.95      6.4934E-4       6.48E-4  5.71E-6
  4.05      5.8988E-4       5.84E-4  5.29E-6
  4.15      5.3646E-4       5.44E-4  4.99E-6
  4.25      4.8841E-4       4.91E-4  4.63E-6
  4.35      4.4513E-4       4.44E-4  4.3E-6
  4.45      4.0609E-4       4.12E-4  4.05E-6
  4.55      3.7084E-4       3.73E-4  3.77E-6
  4.65      3.3896E-4       3.41E-4  3.53E-6
  4.75      3.101E-4        3.03E-4  3.25E-6
  4.85      2.8394E-4       2.86E-4  3.1E-6
  4.95      2.602E-4        2.58E-4  2.88E-6
  5.05      2.3864E-4       2.36E-4  2.7E-6
  5.15      2.1904E-4       2.18E-4  2.55E-6
  5.25      2.0119E-4       1.99E-4  2.39E-6
  5.35      1.8493E-4       1.84E-4  2.25E-6
  5.45      1.7011E-4       1.69E-4  2.12E-6
  5.55      1.5657E-4       1.58E-4  2.01E-6
  5.65      1.4421E-4       1.48E-4  1.92E-6
  5.75      1.3291E-4       1.34E-4  1.79E-6
  5.85      1.2256E-4       1.21E-4  1.67E-6
  5.95      1.1309E-4       1.15E-4  1.6E-6
  6.05      1.0441E-4       1.04E-4  1.5E-6
  6.15      9.6447E-5       9.9E-5   1.44E-6
  6.25      8.9139E-5       8.84E-5  1.34E-6
  6.35      8.2427E-5       8.34E-5  1.28E-6
  6.45      7.6259E-5       7.63E-5  1.21E-6
  6.55      7.0587E-5       7.25E-5  1.16E-6
  6.65      6.5368E-5       6.62E-5  1.09E-6
  6.75      6.0562E-5       5.97E-5  1.02E-6
  6.85      5.6134E-5       5.59E-5  9.72E-7
  6.95      5.2052E-5       5.13E-5  9.18E-7
  7.05      4.8288E-5       4.85E-5  8.8E-7
  7.15      4.4814E-5       4.48E-5  8.33E-7
  7.25      4.1606E-5       4.27E-5  8.03E-7
  7.35      3.8642E-5       3.72E-5  7.39E-7
  7.45      3.5904E-5       3.5E-5   7.08E-7
  7.55      3.3371E-5       3.31E-5  6.79E-7
  7.65      3.1028E-5       3.07E-5  6.45E-7
  7.75      2.886E-5        2.88E-5  6.17E-7
  7.85      2.6852E-5       2.58E-5  5.76E-7
  7.95      2.4992E-5       2.35E-5  5.43E-7
  8.05      2.3269E-5       2.38E-5  5.41E-7
  8.15      2.1671E-5       2.13E-5  5.05E-7
  8.25      2.0189E-5       1.9E-5   4.71E-7
  8.35      1.8814E-5       1.85E-5  4.6E-7
  8.45      1.7537E-5       1.79E-5  4.47E-7
  8.55      1.6352E-5       1.59E-5  4.16E-7
  8.65      1.5251E-5       1.47E-5  3.95E-7
  8.75      1.4228E-5       1.47E-5  3.91E-7
  8.85      1.3278E-5       1.31E-5  3.65E-7
  8.95      1.2394E-5       1.22E-5  3.47E-7
  9.05      1.1571E-5       1.17E-5  3.37E-7
  9.15      1.0806E-5       1.09E-5  3.22E-7
  9.25      1.0094E-5       9.74E-6  3.01E-7
  9.35      9.4314E-6       9.69E-6  2.97E-7
  9.45      8.8141E-6       8.85E-6  2.81E-7
  9.55      8.2391E-6       8.19E-6  2.67E-7
  9.65      7.7033E-6       7.91E-6  2.6E-7
  9.75      7.2039E-6       7.22E-6  2.46E-7
  9.85      6.7383E-6       6.55E-6  2.32E-7
  9.95      6.3042E-6       6.43E-6  2.27E-7
 10.05      5.8992E-6       6.04E-6  2.18E-7
 10.15      5.5213E-6       5.46E-6  2.05E-7
 10.25      5.1686E-6       5.02E-6  1.95E-7
 10.35      4.8394E-6       4.87E-6  1.9E-7
 10.45      4.532E-6        4.5E-6   1.81E-7
 10.55      4.245E-6        4.19E-6  1.73E-7
 10.65      3.9768E-6       4.26E-6  1.73E-7
 10.75      3.7263E-6       3.8E-6   1.62E-7
 10.85      3.4921E-6       3.57E-6  1.55E-7
 10.95      3.2732E-6       3.18E-6  1.45E-7
 11.05      3.0686E-6       3.09E-6  1.42E-7
 11.15      2.8772E-6       2.62E-6  1.29E-7
 11.25      2.6982E-6       2.84E-6  1.33E-7
 11.35      2.5307E-6       2.32E-6  1.2E-7
 11.45      2.374E-6        2.39E-6  1.2E-7
 11.55      2.2274E-6       2.14E-6  1.13E-7
 11.65      2.0901E-6       1.93E-6  1.06E-7
 11.75      1.9616E-6       2.11E-6  1.1E-7
 11.85      1.8412E-6       1.72E-6  9.86E-8
 11.95      1.7285E-6       1.72E-6  9.79E-8
 12.05      1.6229E-6       1.5E-6   9.05E-8
 12.15      1.524E-6        1.33E-6  8.47E-8
 12.25      1.4313E-6       1.46E-6  8.79E-8
 12.35      1.3444E-6       1.44E-6  8.67E-8
 12.45      1.2629E-6       1.31E-6  8.21E-8
 12.55      1.1866E-6       1.23E-6  7.88E-8
 12.65      1.115E-6        1.15E-6  7.57E-8
 12.75      1.0478E-6       1.03E-6  7.09E-8
 12.85      9.8486E-7       9.25E-7  6.68E-8
 12.95      9.2578E-7       9.68E-7  6.78E-8
 13.05      8.7035E-7       8.88E-7  6.44E-8
 13.15      8.1834E-7       8.15E-7  6.12E-8
 13.25      7.6952E-7       8.48E-7  6.2E-8
 13.35      7.237E-7        6.61E-7  5.43E-8
 13.45      6.8068E-7       6.38E-7  5.3E-8
 13.55      6.4029E-7       6.5E-7   5.31E-8
 13.65      6.0237E-7       5.85E-7  5E-8
 13.75      5.6675E-7       5.77E-7  4.93E-8
 13.85      5.3329E-7       4.9E-7   4.51E-8
 13.95      5.0186E-7       5.4E-7   4.7E-8
 14.05      4.7234E-7       4.19E-7  4.11E-8
 14.15      4.4459E-7       4.49E-7  4.22E-8
 14.25      4.1852E-7       3.88E-7  3.9E-8
 14.35      3.9401E-7       4.21E-7  4.03E-8
 14.45      3.7098E-7       3.16E-7  3.47E-8
 14.55      3.4933E-7       3.57E-7  3.66E-8
 14.65      3.2897E-7       3.08E-7  3.38E-8
 14.75      3.0983E-7       3.58E-7  3.62E-8
 14.85      2.9182E-7       3.25E-7  3.42E-8
 14.95      2.7489E-7       3.06E-7  3.3E-8
 15.05      2.5897E-7       2.56E-7  3E-8
 15.15      2.4399E-7       2.08E-7  2.69E-8
 15.25      2.2989E-7       1.88E-7  2.54E-8
 15.35      2.1663E-7       2.36E-7  2.83E-8
 15.45      2.0415E-7       2.2E-7   2.71E-8
 15.55      1.9241E-7       2.47E-7  2.85E-8
 15.65      1.8136E-7       1.69E-7  2.34E-8
 15.75      1.7095E-7       1.73E-7  2.36E-8
 15.85      1.6116E-7       1.62E-7  2.26E-8
 15.95      1.5194E-7       1.56E-7  2.21E-8
 16.05      1.4325E-7       1.39E-7  2.07E-8
 16.15      1.3508E-7       1.04E-7  1.78E-8
 16.25      1.2738E-7       1.45E-7  2.09E-8
 16.35      1.2013E-7       1.31E-7  1.97E-8
 16.45      1.133E-7        1E-7     1.71E-8
 16.55      1.0686E-7       1.42E-7  2.03E-8
 16.65      1.008E-7        7.46E-8  1.46E-8
 16.75      9.5093E-8       1.08E-7  1.75E-8
 16.85      8.9713E-8       8.69E-8  1.56E-8
 16.95      8.4643E-8       8.59E-8  1.54E-8
 17.05      7.9866E-8       9.31E-8  1.6E-8
 17.15      7.5362E-8       6.22E-8  1.3E-8
 17.25      7.1118E-8       6.95E-8  1.36E-8
 17.35      6.7117E-8       7.14E-8  1.37E-8
 17.45      6.3346E-8       6.79E-8  1.33E-8
 17.55      5.9791E-8       5.17E-8  1.16E-8
 17.65      5.6438E-8       6.64E-8  1.3E-8
 17.75      5.3277E-8       7.32E-8  1.36E-8
 17.85      5.0297E-8       6.99E-8  1.32E-8
 17.95      4.7486E-8       6.17E-8  1.23E-8
 18.05      4.4835E-8       5.13E-8  1.12E-8
 18.15      4.2335E-8       2.9E-8   8.37E-9
 18.25      3.9976E-8       4.3E-8   1.01E-8
 18.35      3.7751E-8       2.13E-8  7.09E-9
 18.45      3.5652E-8       3.51E-8  9.05E-9
 18.55      3.3672E-8       5.55E-8  1.13E-8
 18.65      3.1804E-8       4.8E-8   1.05E-8
 18.75      3.0041E-8       4.53E-8  1.01E-8
 18.85      2.8377E-8       2.46E-8  7.43E-9
 18.95      2.6807E-8       3.32E-8  8.58E-9
 19.05      2.5325E-8       1.53E-8  5.8E-9
 19.15      2.3927E-8       3.04E-8  8.12E-9
 19.25      2.2607E-8       2.58E-8  7.44E-9
 19.35      2.1361E-8       2.34E-8  7.05E-9
 19.45      2.0184E-8       1.68E-8  5.95E-9
 19.55      1.9074E-8       1.87E-8  6.25E-9
 19.65      1.8025E-8       2.68E-8  7.43E-9
 19.75      1.7036E-8       2.24E-8  6.77E-9
 19.85      1.6101E-8       1.62E-8  5.71E-9
 19.95      1.5218E-8       1.4E-8   5.29E-9
 20.05      1.4385E-8       3.44E-7  2.61E-8
