   R      RHORPP      DRHORPP     RHORNP    DRHORNP     RHORNN    DRHORNN
   .05  1.2944E-4   9.889E-5     .001931    .001368   3.27E-4    2.443E-4
   .15  6.547E-4    1.1312E-4    .005122   8.24E-4     .0010466  2.4619E-4
   .25   .0010552   8.793E-5     .00823    6.289E-4    .001894   1.9826E-4
   .35   .0022767   9.443E-5     .01672    6.38E-4     .00397    2.0067E-4
   .45   .004253    1.0249E-4    .02925    6.5E-4      .007397   2.173E-4
   .55   .007341    1.1297E-4    .04771    6.72E-4     .013353   2.484E-4
   .65   .011247    1.2123E-4    .0694     6.8E-4      .02047    2.642E-4
   .75   .014689    1.22E-4      .0872     6.56E-4     .0271     2.7E-4
   .85   .01739     1.209E-4     .1005     6.2E-4      .03252    2.646E-4
   .95   .01886     1.136E-4     .1061     5.67E-4     .0356     2.506E-4
  1.05   .01937     1.054E-4     .1063     5.125E-4    .03656    2.323E-4
  1.15   .01908     9.58E-5      .1023     4.558E-4    .03639    2.139E-4
  1.25   .0181      8.59E-5      .0953     4.002E-4    .0355     1.988E-4
  1.35   .01707     7.8E-5       .0885     3.565E-4    .034      1.808E-4
  1.45   .01562     6.94E-5      .0797     3.124E-4    .03221    1.67E-4
  1.55   .01435     6.19E-5      .0722     2.757E-4    .03018    1.534E-4
  1.65   .0129      5.5E-5       .0647     2.437E-4    .02828    1.422E-4
  1.75   .01156     4.899E-5     .0579     2.166E-4    .02624    1.31E-4
  1.85   .01039     4.377E-5     .0519     1.93E-4     .02435    1.207E-4
  1.95   .00925     3.895E-5     .0466     1.72E-4     .0228     1.127E-4
  2.05   .00807     3.443E-5     .0414     1.543E-4    .02123    1.048E-4
  2.15   .00705     3.067E-5     .03686    1.381E-4    .01959    9.73E-5
  2.25   .00616     2.712E-5     .03282    1.24E-4     .01826    9.13E-5
  2.35   .00537     2.408E-5     .02942    1.115E-4    .01692    8.44E-5
  2.45   .004642    2.137E-5     .02613    1.009E-4    .01573    7.91E-5
  2.55   .003977    1.894E-5     .02331    9.14E-5     .01457    7.37E-5
  2.65   .003442    1.689E-5     .021      8.33E-5     .01362    6.93E-5
  2.75   .002973    1.487E-5     .01885    7.56E-5     .01277    6.49E-5
  2.85   .002548    1.331E-5     .01702    6.91E-5     .01194    6.1E-5
  2.95   .002176    1.176E-5     .01523    6.29E-5     .01115    5.72E-5
  3.05   .001856    1.039E-5     .01392    5.79E-5     .01053    5.4E-5
  3.15   .001584    9.26E-6      .01246    5.28E-5     .00973    5.03E-5
  3.25   .001361    8.19E-6      .01133    4.84E-5     .00915    4.72E-5
  3.35   .001131    7.17E-6      .0102     4.44E-5     .00861    4.47E-5
  3.45  9.86E-4     6.46E-6      .00936    4.13E-5     .00807    4.21E-5
  3.55  8.29E-4     5.68E-6      .00847    3.79E-5     .00756    3.97E-5
  3.65  7.11E-4     5.08E-6      .00774    3.514E-5    .00706    3.73E-5
  3.75  6.03E-4     4.517E-6     .00709    3.253E-5    .00666    3.53E-5
  3.85  5.112E-4    3.949E-6     .0065     3.015E-5    .00624    3.32E-5
  3.95  4.341E-4    3.495E-6     .006      2.819E-5    .0059     3.15E-5
  4.05  3.707E-4    3.129E-6     .00548    2.608E-5    .00551    2.97E-5
  4.15  3.132E-4    2.769E-6     .00501    2.436E-5    .00509    2.77E-5
  4.25  2.704E-4    2.49E-6      .00463    2.278E-5    .00481    2.64E-5
  4.35  2.255E-4    2.164E-6     .00425    2.118E-5    .00448    2.475E-5
  4.45  1.914E-4    1.931E-6     .003901   1.985E-5    .00417    2.341E-5
  4.55  1.611E-4    1.699E-6     .003624   1.866E-5    .00394    2.219E-5
  4.65  1.402E-4    1.53E-6      .003346   1.747E-5    .00368    2.098E-5
  4.75  1.163E-4    1.356E-6     .003052   1.64E-5     .00338    1.97E-5
  4.85  1.021E-4    1.217E-6     .002841   1.548E-5    .003172   1.872E-5
  4.95  8.74E-5     1.098E-6     .002613   1.453E-5    .002935   1.762E-5
  5.05  7.11E-5     9.42E-7      .002403   1.364E-5    .002729   1.675E-5
  5.15  6.02E-5     8.3E-7       .002215   1.275E-5    .002535   1.566E-5
  5.25  5.095E-5    7.33E-7      .002043   1.209E-5    .002359   1.488E-5
  5.35  4.369E-5    6.61E-7      .001882   1.136E-5    .002177   1.409E-5
  5.45  3.745E-5    5.857E-7     .001763   1.088E-5    .00205    1.347E-5
  5.55  3.129E-5    5.225E-7     .001601   1.013E-5    .001862   1.253E-5
  5.65  2.632E-5    4.569E-7     .001482   9.57E-6     .001729   1.193E-5
  5.75  2.257E-5    4.09E-7      .001363   9.06E-6     .001605   1.127E-5
  5.85  1.888E-5    3.601E-7     .001241   8.48E-6     .001463   1.054E-5
  5.95  1.633E-5    3.295E-7     .001153   8.05E-6     .001354   1.001E-5
  6.05  1.375E-5    2.891E-7     .001059   7.61E-6     .001248   9.48E-6
  6.15  1.158E-5    2.6E-7      9.59E-4    7.11E-6     .001136   8.96E-6
  6.25  9.64E-6     2.18E-7     8.81E-4    6.74E-6     .001036   8.39E-6
  6.35  8.62E-6     2.093E-7    8.12E-4    6.39E-6    9.59E-4    7.98E-6
  6.45  7.36E-6     1.869E-7    7.43E-4    6.03E-6    8.81E-4    7.57E-6
  6.55  6.06E-6     1.617E-7    6.75E-4    5.64E-6    7.96E-4    7.07E-6
  6.65  5.14E-6     1.454E-7    6.16E-4    5.32E-6    7.29E-4    6.66E-6
  6.75  4.4E-6      1.245E-7    5.71E-4    5.07E-6    6.76E-4    6.34E-6
  6.85  3.801E-6    1.226E-7    5.06E-4    4.68E-6    6.06E-4    5.94E-6
  6.95  3.195E-6    1.008E-7    4.63E-4    4.42E-6    5.54E-4    5.65E-6
  7.05  2.596E-6    8.82E-8     4.23E-4    4.17E-6    5.07E-4    5.32E-6
  7.15  2.326E-6    8.18E-8     3.869E-4   3.94E-6    4.61E-4    5.01E-6
  7.25  1.88E-6     6.93E-8     3.533E-4   3.698E-6   4.27E-4    4.78E-6
  7.35  1.646E-6    6.48E-8     3.159E-4   3.471E-6   3.83E-4    4.49E-6
  7.45  1.269E-6    5.139E-8    2.825E-4   3.241E-6   3.45E-4    4.24E-6
  7.55  1.143E-6    4.73E-8     2.597E-4   3.053E-6   3.17E-4    4.01E-6
  7.65  9.87E-7     4.561E-8    2.291E-4   2.829E-6   2.806E-4   3.73E-6
  7.75  8.85E-7     4.626E-8    2.036E-4   2.628E-6   2.563E-4   3.56E-6
  7.85  7.04E-7     3.757E-8    1.904E-4   2.531E-6   2.378E-4   3.4E-6
  7.95  5.7E-7      3.155E-8    1.65E-4    2.319E-6   2.075E-4   3.13E-6
  8.05  5.29E-7     2.89E-8     1.517E-4   2.199E-6   1.92E-4    3E-6
  8.15  4.54E-7     2.841E-8    1.355E-4   2.05E-6    1.737E-4   2.84E-6
  8.25  4E-7        2.679E-8    1.213E-4   1.917E-6   1.576E-4   2.7E-6
  8.35  3.23E-7     2.065E-8    1.094E-4   1.8E-6     1.418E-4   2.54E-6
  8.45  2.581E-7    2.088E-8    9.57E-5    1.661E-6   1.261E-4   2.36E-6
  8.55  1.961E-7    1.598E-8    8.7E-5     1.569E-6   1.166E-4   2.27E-6
  8.65  2.019E-7    1.701E-8    7.87E-5    1.463E-6   1.063E-4   2.141E-6
  8.75  1.856E-7    1.893E-8    6.93E-5    1.358E-6   9.45E-5    2.009E-6
  8.85  1.515E-7    1.359E-8    6.73E-5    1.332E-6   9.24E-5    1.976E-6
  8.95  9.35E-8     7.61E-9     5.43E-5    1.169E-6   7.7E-5     1.807E-6
  9.05  9.04E-8     8.31E-9     4.87E-5    1.095E-6   6.94E-5    1.692E-6
  9.15  8.84E-8     8.9E-9      4.58E-5    1.053E-6   6.64E-5    1.65E-6
  9.25  7.29E-8     8.64E-9     4.003E-5   9.7E-7     5.96E-5    1.557E-6
  9.35  7.73E-8     1.025E-8    3.568E-5   9.14E-7    5.34E-5    1.478E-6
  9.45  5.6E-8      7.02E-9     3.353E-5   8.79E-7    5.05E-5    1.424E-6
  9.55  4.94E-8     6.854E-9    2.998E-5   8.13E-7    4.6E-5     1.349E-6
  9.65  4.095E-8    7.88E-9     2.517E-5   7.43E-7    3.87E-5    1.226E-6
  9.75  2.609E-8    3.093E-9    2.239E-5   6.91E-7    3.44E-5    1.147E-6
  9.85  2.508E-8    6.17E-9     2.002E-5   6.45E-7    3.11E-5    1.079E-6
  9.95  1.64E-8     2.198E-9    1.816E-5   6.04E-7    2.94E-5    1.055E-6
 10.05  1.8E-8      2.591E-9    1.579E-5   5.55E-7    2.66E-5    9.95E-7
 10.15  2.197E-8    4.928E-9    1.473E-5   5.42E-7    2.5E-5     9.68E-7
 10.25  1.437E-8    2.166E-9    1.352E-5   5.08E-7    2.25E-5    9.04E-7
 10.35  1.247E-8    3.14E-9     1.176E-5   4.68E-7    2.13E-5    8.88E-7
 10.45  7.85E-9     1.091E-9    1.027E-5   4.37E-7    1.803E-5   8.01E-7
 10.55  9.19E-9     1.773E-9    9.14E-6    4.08E-7    1.655E-5   7.68E-7
 10.65  9.59E-9     1.986E-9    8.01E-6    3.734E-7   1.506E-5   7.33E-7
 10.75  1.388E-8    3.666E-9    7.54E-6    3.543E-7   1.493E-5   7.18E-7
 10.85  5.29E-9     1.717E-9    6.22E-6    3.202E-7   1.229E-5   6.53E-7
 10.95  4.541E-9    1.171E-9    5.88E-6    3.086E-7   1.229E-5   6.55E-7
 11.05  5.587E-9    1.37E-9     5.05E-6    2.846E-7   1.072E-5   6.05E-7
 11.15  3.761E-9    1.789E-9    4.58E-6    2.674E-7   9.71E-6    5.71E-7
 11.25  2.314E-9    5.499E-10   4.51E-6    2.622E-7   9.3E-6     5.49E-7
 11.35  2.064E-9    4.75E-10    4.075E-6   2.465E-7   9.12E-6    5.56E-7
 11.45  3.398E-9    1.908E-9    3.551E-6   2.352E-7   8.03E-6    5.12E-7
 11.55  1.722E-9    4.617E-10   2.721E-6   2.004E-7   6.5E-6     4.66E-7
 11.65  1.897E-9    6.568E-10   2.469E-6   1.892E-7   5.97E-6    4.41E-7
 11.75  5.81E-10    1.43E-10    2.03E-6    1.692E-7   4.83E-6    3.9E-7
 11.85  1.425E-9    7.4E-10     1.973E-6   1.636E-7   5.08E-6    3.97E-7
 11.95  6.32E-10    1.958E-10   1.84E-6    1.596E-7   4.88E-6    3.86E-7
 12.05  1.042E-9    3.559E-10   1.66E-6    1.519E-7   4.48E-6    3.77E-7
 12.15  5.31E-10    2.707E-10   1.503E-6   1.354E-7   3.95E-6    3.43E-7
 12.25  2.226E-10   5.954E-11   1.382E-6   1.32E-7    3.55E-6    3.27E-7
 12.35  3.546E-10   1.456E-10   1.128E-6   1.201E-7   3.02E-6    2.99E-7
 12.45  1.48E-10    4.503E-11   1.04E-6    1.146E-7   2.89E-6    2.93E-7
 12.55  2.368E-10   8.863E-11   8.91E-7    1.036E-7   2.95E-6    3E-7
 12.65  1.26E-10    4.94E-11    7.9E-7     9.76E-8    2.147E-6   2.47E-7
 12.75  2.203E-10   1.067E-10   6.86E-7    9.32E-8    2.493E-6   2.697E-7
 12.85  7.36E-11    2.364E-11   6.23E-7    8.85E-8    2.215E-6   2.55E-7
 12.95  5.267E-11   1.708E-11   7.68E-7    9.65E-8    2.343E-6   2.58E-7
 13.05  1.5527E-10  9.37E-11    5.12E-7    7.56E-8    1.689E-6   2.15E-7
 13.15  1.294E-10   5.761E-11   4.068E-7   6.64E-8    2.104E-6   2.438E-7
 13.25  3.049E-11   9.09E-12    4.14E-7    6.93E-8    1.444E-6   1.953E-7
 13.35  4.164E-11   1.968E-11   3.648E-7   5.97E-8    1.287E-6   1.793E-7
 13.45  1.3934E-10  1.1522E-10  2.734E-7   5.04E-8    1.464E-6   1.922E-7
 13.55  4.548E-11   1.981E-11   3.133E-7   5.64E-8    1.421E-6   1.958E-7
 13.65  2.492E-11   9.826E-12   2.384E-7   4.7E-8     1.022E-6   1.621E-7
 13.75  1.34E-11    6.32E-12    2.366E-7   4.85E-8    9.84E-7    1.557E-7
 13.85  3.738E-11   1.8813E-11  1.939E-7   4.19E-8    8.85E-7    1.474E-7
 13.95  3.946E-11   2.0408E-11  1.369E-7   3.414E-8   1.131E-6   1.75E-7
 14.05  1.037E-11   4.07E-12    1.751E-7   3.957E-8   6.71E-7    1.258E-7
 14.15  1.0868E-11  4.863E-12   1.177E-7   3.236E-8   6.97E-7    1.344E-7
 14.25  5.923E-12   2.832E-12   7.17E-8    2.56E-8    4.38E-7    9.91E-8
 14.35  5.829E-12   2.576E-12   1.134E-7   3.434E-8   6.4E-7     1.257E-7
 14.45  5.741E-12   3.328E-12   1.1E-7     3.153E-8   3.47E-7    9.38E-8
 14.55  5.4275E-11  4.8709E-11  1.048E-7   2.883E-8   7.22E-7    1.261E-7
 14.65  2.037E-12   7.42E-13    9.66E-8    2.853E-8   5.89E-7    1.189E-7
 14.75  1.1038E-11  5.583E-12   9.84E-8    2.883E-8   5.05E-7    1.077E-7
 14.85  1.6784E-12  8.816E-13   6.89E-8    2.425E-8   3.82E-7    9.47E-8
 14.95  1.1511E-11  8.309E-12   4.88E-8    1.862E-8   4.14E-7    9.83E-8
 15.05  1.5499E-12  6.995E-13   5.82E-8    2.179E-8   3.813E-7   8.76E-8
 15.15  2.0677E-11  1.485E-11   4.98E-8    1.916E-8   3.313E-7   8.09E-8
 15.25  1.042E-12   4.759E-13   8.18E-8    2.714E-8   3.46E-7    8.58E-8
 15.35  4.4753E-11  3.9838E-11  2.23E-8    1.268E-8   1.972E-7   6.11E-8
 15.45  5.29E-13    3.694E-13   3.219E-8   1.893E-8   2.18E-7    6.66E-8
 15.55  3.9735E-11  3.9619E-11  4.82E-8    1.867E-8   2.475E-7   7.04E-8
 15.65  1.1034E-12  7.763E-13   2.31E-8    1.239E-8   2.046E-7   6.15E-8
 15.75  2.28E-13    1.632E-13   2.817E-8   1.466E-8   2.127E-7   6.31E-8
 15.85  2.0652E-13  1.9293E-13  1.172E-8   8.75E-9    1.15E-7    4.8E-8
 15.95  3.0904E-12  2.8402E-12  2.822E-8   1.415E-8   2.693E-7   7.93E-8
 16.05  1.2102E-11  1.1583E-11  2.135E-8   1.199E-8   1.796E-7   6.22E-8
 16.15  6.247E-14   3.343E-14   1.926E-8   1.081E-8   1.181E-7   5.39E-8
 16.25  2.0317E-13  1.6082E-13  7.75E-9    7.3E-9     1.426E-7   5.01E-8
 16.35  4.931E-14   3.392E-14   9.65E-9    7.49E-9    9.46E-8    4.51E-8
 16.45  5.412E-14   4.694E-14   2.953E-8   1.466E-8   8.81E-8    3.92E-8
 16.55  1.6753E-12  1.5524E-12  1.526E-8   9.77E-9    1.591E-7   5.23E-8
 16.65  8.62E-15    6.199E-15   3.09E-9    3.06E-9    4E-8       2.498E-8
 16.75  2.6666E-14  1.7767E-14  7.39E-9    7.29E-9    4.939E-8   2.816E-8
 16.85  3.925E-12   3.9248E-12  1.336E-8   8.01E-9    7.07E-8    3.3E-8
 16.95  1.1885E-14  1.0876E-14  7.18E-9    7.1E-9     4.826E-8   2.777E-8
 17.05  6.9029E-13  6.8986E-13  9.442E-10  7.914E-10  4.011E-8   2.359E-8
 17.15  9.489E-15   7.058E-15   2.115E-8   1.231E-8   6.01E-8    3.46E-8
 17.25  1.142E-14   7.91E-15    4.63E-9    4.37E-9    7.564E-8   3.332E-8
 17.35  3.1899E-14  3.1239E-14  7.47E-11   6.25E-11   2.6363E-8  1.8729E-8
 17.45  2.833E-16   2.701E-16   4.26E-11   4.19E-11   2.61E-8    2.09E-8
 17.55  1.958E-15   1.858E-15   3.65E-11   3.15E-11   2.58E-8    1.823E-8
 17.65  4.415E-15   4.2416E-15  6.41E-11   4.032E-11  3.829E-8   2.226E-8
 17.75  3.3819E-15  3.2937E-15  3.33E-11   2.85E-11   2.52E-8    1.794E-8
 17.85  0           0           0          0          0          0
 17.95  1.2677E-14  1.2677E-14  3.14E-11   3.14E-11   1.2363E-8  1.2363E-8
 18.05  1.8615E-15  1.8615E-15  1.462E-11  1.461E-11  1.2244E-8  1.2244E-8
 18.15  0           0           0          0          0          0
 18.25  0           0           0          0          0          0
 18.35  5.0597E-15  5.0484E-15  4.94E-11   4.468E-11  2.36E-8    2.26E-8
 18.45  4.448E-15   4.448E-15   5.62E-11   5.62E-11   1.1603E-8  1.1603E-8
 18.55  3.804E-16   3.049E-16   4.55E-9    4.54E-9    1.861E-8   1.507E-8
 18.65  8.5384E-16  8.5384E-16  1.062E-11  1.062E-11  1.1392E-8  1.1392E-8
 18.75  0           0           0          0          0          0
 18.85  0           0           0          0          0          0
 18.95  0           0           0          0          0          0
 19.05  0           0           0          0          0          0
 19.15  0           0           0          0          0          0
 19.25  0           0           0          0          0          0
 19.35  0           0           0          0          0          0
 19.45  0           0           0          0          0          0
 19.55  1.1615E-14  1.1615E-14  1.09E-11   1.09E-11   1.04E-8    1.04E-8
 19.65  0           0           0          0          0          0
 19.75  0           0           0          0          0          0
 19.85  0           0           0          0          0          0
 19.95  0           0           0          0          0          0
 20.05  0           0           0          0          0          0
