   R      RHORPP      DRHORPP     RHORNP    DRHORNP     RHORNN    DRHORNN
   .05  4.352E-4    2.516E-4     .005634    .003258    .0010969  6.369E-4
   .15  4.356E-4    1.2085E-4    .004501    .001076    .0011977  3.593E-4
   .25  9.256E-4    1.0723E-4    .00934    9.38E-4     .00254    3.134E-4
   .35   .0021842   1.2334E-4    .02002    9.68E-4     .006572   3.93E-4
   .45   .004012    1.3413E-4    .03362    9.61E-4     .011911   4.205E-4
   .55   .007302    1.528E-4     .0589      .001034    .02166    4.619E-4
   .65   .01099     1.598E-4     .0852      .001043    .03352    4.999E-4
   .75   .01416     1.604E-4     .1052     9.94E-4     .04392    5.055E-4
   .85   .01669     1.569E-4     .1206     9.32E-4     .0537     5.059E-4
   .95   .01819     1.472E-4     .1289     8.56E-4     .0599     4.852E-4
  1.05   .0185      1.35E-4      .1295     7.74E-4     .0631     4.593E-4
  1.15   .01813     1.219E-4     .1247     6.88E-4     .0636     4.28E-4
  1.25   .01739     1.096E-4     .1188     6.12E-4     .0641     4.02E-4
  1.35   .01648     9.86E-5      .1119     5.47E-4     .0631     3.74E-4
  1.45   .01525     8.79E-5      .1026     4.85E-4     .0612     3.5E-4
  1.55   .01386     7.71E-5      .0947     4.3E-4      .0599     3.29E-4
  1.65   .01274     6.84E-5      .0871     3.832E-4    .0576     3.05E-4
  1.75   .01146     6.04E-5      .08       3.445E-4    .0558     2.87E-4
  1.85   .0102      5.3E-5       .0726     3.082E-4    .0533     2.7E-4
  1.95   .00911     4.67E-5      .0666     2.768E-4    .0514     2.52E-4
  2.05   .00807     4.1E-5       .0614     2.517E-4    .0497     2.38E-4
  2.15   .00704     3.577E-5     .0558     2.252E-4    .0475     2.25E-4
  2.25   .00615     3.147E-5     .0511     2.058E-4    .0453     2.102E-4
  2.35   .00538     2.775E-5     .0467     1.88E-4     .0434     1.98E-4
  2.45   .00473     2.447E-5     .043      1.703E-4    .0417     1.865E-4
  2.55   .004045    2.127E-5     .03905    1.547E-4    .0394     1.748E-4
  2.65   .003504    1.874E-5     .03596    1.419E-4    .0376     1.652E-4
  2.75   .003055    1.654E-5     .03313    1.306E-4    .036      1.56E-4
  2.85   .002605    1.444E-5     .03015    1.192E-4    .0339     1.462E-4
  2.95   .002244    1.261E-5     .02769    1.093E-4    .0322     1.377E-4
  3.05   .001962    1.128E-5     .0256     1.011E-4    .0307     1.305E-4
  3.15   .001662    9.79E-6      .02341    9.35E-5     .02913    1.233E-4
  3.25   .001416    8.53E-6      .02132    8.56E-5     .02731    1.155E-4
  3.35   .00121     7.55E-6      .01948    7.93E-5     .02572    1.093E-4
  3.45   .001041    6.66E-6      .0179     7.33E-5     .02423    1.033E-4
  3.55  8.73E-4     5.78E-6      .01618    6.75E-5     .02262    9.7E-5
  3.65  7.43E-4     5.07E-6      .01474    6.23E-5     .02111    9.14E-5
  3.75  6.37E-4     4.52E-6      .01354    5.76E-5     .01988    8.62E-5
  3.85  5.38E-4     3.955E-6     .01225    5.35E-5     .01854    8.19E-5
  3.95  4.61E-4     3.517E-6     .01111    4.96E-5     .01724    7.73E-5
  4.05  3.912E-4    3.081E-6     .01013    4.58E-5     .01607    7.26E-5
  4.15  3.281E-4    2.675E-6     .00911    4.26E-5     .01481    6.88E-5
  4.25  2.817E-4    2.422E-6     .00819    3.919E-5    .01364    6.46E-5
  4.35  2.391E-4    2.125E-6     .0075     3.668E-5    .01282    6.14E-5
  4.45  1.999E-4    1.854E-6     .00669    3.362E-5    .01166    5.74E-5
  4.55  1.7E-4      1.635E-6     .00609    3.149E-5    .01088    5.46E-5
  4.65  1.425E-4    1.447E-6     .00549    2.91E-5     .00999    5.12E-5
  4.75  1.222E-4    1.298E-6     .00498    2.71E-5     .00923    4.86E-5
  4.85  1.004E-4    1.104E-6     .00447    2.512E-5    .00849    4.61E-5
  4.95  8.66E-5     1.009E-6     .004      2.338E-5    .00778    4.35E-5
  5.05  7.16E-5     8.79E-7      .00359    2.165E-5    .00709    4.1E-5
  5.15  6.06E-5     7.65E-7      .003246   2.019E-5    .00654    3.87E-5
  5.25  5.15E-5     6.99E-7      .002939   1.898E-5    .006      3.67E-5
  5.35  4.27E-5     5.95E-7      .002591   1.725E-5    .00542    3.44E-5
  5.45  3.605E-5    5.34E-7      .002337   1.629E-5    .00494    3.244E-5
  5.55  3.054E-5    4.74E-7      .002112   1.51E-5     .0046     3.079E-5
  5.65  2.535E-5    4.09E-7      .001896   1.403E-5    .00415    2.901E-5
  5.75  2.167E-5    3.693E-7     .001685   1.306E-5    .00376    2.725E-5
  5.85  1.822E-5    3.267E-7     .001499   1.209E-5    .003415   2.559E-5
  5.95  1.48E-5     2.814E-7     .001348   1.121E-5    .003089   2.401E-5
  6.05  1.25E-5     2.51E-7      .001212   1.047E-5    .002838   2.28E-5
  6.15  1.082E-5    2.305E-7     .001087   9.8E-6      .00254    2.135E-5
  6.25  8.79E-6     1.893E-7    9.64E-4    9.08E-6     .002287   1.995E-5
  6.35  7.41E-6     1.775E-7    8.49E-4    8.38E-6     .002072   1.888E-5
  6.45  6.09E-6     1.581E-7    7.56E-4    7.77E-6     .001851   1.755E-5
  6.55  5.2E-6      1.388E-7    6.93E-4    7.35E-6     .00172    1.674E-5
  6.65  4.22E-6     1.185E-7    5.89E-4    6.63E-6     .001519   1.562E-5
  6.75  3.644E-6    1.101E-7    5.39E-4    6.31E-6     .001376   1.471E-5
  6.85  3.049E-6    9.89E-8     4.79E-4    5.82E-6     .001261   1.394E-5
  6.95  2.608E-6    8.87E-8     4.21E-4    5.4E-6      .001118   1.296E-5
  7.05  2.124E-6    8.23E-8     3.693E-4   4.94E-6    9.95E-4    1.207E-5
  7.15  1.79E-6     6.86E-8     3.251E-4   4.55E-6    8.96E-4    1.136E-5
  7.25  1.526E-6    6.17E-8     2.958E-4   4.33E-6    8.21E-4    1.081E-5
  7.35  1.161E-6    4.673E-8    2.503E-4   3.865E-6   7.3E-4     1.007E-5
  7.45  1.07E-6     5.02E-8     2.251E-4   3.666E-6   6.47E-4    9.37E-6
  7.55  9.05E-7     4.5E-8      2.035E-4   3.425E-6   5.9E-4     8.86E-6
  7.65  7.92E-7     4.62E-8     1.793E-4   3.155E-6   5.51E-4    8.53E-6
  7.75  5.98E-7     3.066E-8    1.556E-4   2.901E-6   4.82E-4    7.89E-6
  7.85  4.75E-7     2.485E-8    1.331E-4   2.664E-6   4.21E-4    7.34E-6
  7.95  4.48E-7     3.378E-8    1.219E-4   2.502E-6   3.88E-4    6.9E-6
  8.05  3.492E-7    2.164E-8    1.015E-4   2.222E-6   3.33E-4    6.34E-6
  8.15  3.07E-7     2.012E-8    9.19E-5    2.102E-6   3.12E-4    6.13E-6
  8.25  2.551E-7    1.961E-8    7.87E-5    1.931E-6   2.699E-4   5.68E-6
  8.35  2.099E-7    1.596E-8    6.97E-5    1.795E-6   2.458E-4   5.34E-6
  8.45  1.74E-7     1.175E-8    6.33E-5    1.647E-6   2.317E-4   5.1E-6
  8.55  1.368E-7    1.223E-8    5.07E-5    1.477E-6   1.894E-4   4.59E-6
  8.65  1.22E-7     1.253E-8    4.65E-5    1.396E-6   1.735E-4   4.38E-6
  8.75  1.078E-7    9.69E-9     4.34E-5    1.345E-6   1.593E-4   4.11E-6
  8.85  1.014E-7    1.132E-8    3.439E-5   1.153E-6   1.462E-4   3.96E-6
  8.95  7.76E-8     8.72E-9     3.037E-5   1.073E-6   1.229E-4   3.54E-6
  9.05  5.38E-8     5.123E-9    2.724E-5   1.027E-6   1.127E-4   3.39E-6
  9.15  5.5E-8      6.88E-9     2.407E-5   9.51E-7    1.012E-4   3.17E-6
  9.25  5.03E-8     8.19E-9     2.023E-5   8.58E-7    8.86E-5    2.99E-6
  9.35  5.48E-8     7.37E-9     1.91E-5    8.04E-7    8.35E-5    2.82E-6
  9.45  3.856E-8    6.319E-9    1.629E-5   7.72E-7    7.25E-5    2.62E-6
  9.55  3.632E-8    6.92E-9     1.458E-5   7.23E-7    6.81E-5    2.54E-6
  9.65  1.926E-8    2.29E-9     1.189E-5   6.18E-7    5.8E-5     2.308E-6
  9.75  2.167E-8    4.815E-9    1.098E-5   5.85E-7    5.9E-5     2.34E-6
  9.85  1.381E-8    2.123E-9    9.88E-6    5.69E-7    4.59E-5    2.022E-6
  9.95  1.296E-8    2.25E-9     7.67E-6    4.84E-7    4.33E-5    1.977E-6
 10.05  9.02E-9     1.715E-9    8.15E-6    4.96E-7    4.13E-5    1.903E-6
 10.15  1.102E-8    3.132E-9    6.45E-6    4.34E-7    3.45E-5    1.707E-6
 10.25  8.87E-9     2.838E-9    5.55E-6    3.916E-7   3.27E-5    1.67E-6
 10.35  6.146E-9    1.244E-9    5.44E-6    4.06E-7    2.83E-5    1.527E-6
 10.45  5.122E-9    9.01E-10    4.047E-6   3.266E-7   2.38E-5    1.38E-6
 10.55  6.143E-9    1.477E-9    3.371E-6   2.951E-7   1.916E-5   1.244E-6
 10.65  3.768E-9    6.65E-10    3.583E-6   2.973E-7   2.064E-5   1.265E-6
 10.75  2.651E-9    9.035E-10   2.893E-6   2.693E-7   1.758E-5   1.168E-6
 10.85  3.351E-9    8.696E-10   3.453E-6   3.064E-7   1.73E-5    1.133E-6
 10.95  1.705E-9    3.551E-10   2.137E-6   2.263E-7   1.492E-5   1.058E-6
 11.05  1.69E-9     3.982E-10   1.714E-6   2.054E-7   1.184E-5   9.27E-7
 11.15  2.029E-9    6.958E-10   1.966E-6   2.253E-7   1.135E-5   8.93E-7
 11.25  3.276E-9    1.286E-9    1.748E-6   2.045E-7   1.063E-5   8.6E-7
 11.35  1.228E-9    2.997E-10   1.69E-6    2.042E-7   8.99E-6    7.79E-7
 11.45  1.469E-9    6.606E-10   1.562E-6   2.01E-7    8.09E-6    7.44E-7
 11.55  1.684E-9    5.812E-10   1.267E-6   1.761E-7   8.1E-6     7.42E-7
 11.65  7.72E-10    3.042E-10   1.201E-6   1.828E-7   7.3E-6     7.03E-7
 11.75  3.501E-10   9.94E-11    7.98E-7    1.226E-7   5.83E-6    6.03E-7
 11.85  1.188E-9    6.12E-10    9.91E-7    1.414E-7   6.09E-6    6.17E-7
 11.95  8.707E-10   4.699E-10   6.35E-7    1.137E-7   5.21E-6    5.69E-7
 12.05  2.013E-10   4.94E-11    6.6E-7     1.19E-7    4.82E-6    5.47E-7
 12.15  6.023E-10   2.434E-10   8.12E-7    1.394E-7   4.41E-6    5.28E-7
 12.25  8.564E-11   2.976E-11   4.68E-7    9.99E-8    3.67E-6    4.76E-7
 12.35  6.863E-11   2.248E-11   2.835E-7   7.18E-8    3.37E-6    4.44E-7
 12.45  5.003E-10   3.296E-10   5.22E-7    1.103E-7   3.43E-6    4.53E-7
 12.55  1.4168E-10  6.549E-11   4.72E-7    9.91E-8    2.61E-6    3.79E-7
 12.65  1.0131E-10  5.937E-11   2.667E-7   6.73E-8    2.42E-6    3.64E-7
 12.75  1.698E-10   1.2715E-10  3.119E-7   8.57E-8    2.234E-6   3.64E-7
 12.85  1.873E-10   1.5369E-10  2.516E-7   6.6E-8     1.918E-6   3.24E-7
 12.95  4.254E-10   3.2538E-10  4.46E-7    9.76E-8    2.017E-6   3.28E-7
 13.05  7.415E-12   3.207E-12   2.441E-7   6.72E-8    9.71E-7    2.166E-7
 13.15  5.706E-10   4.26E-10    3.333E-7   8.27E-8    1.829E-6   3.21E-7
 13.25  2.681E-11   1.3439E-11  2.52E-7    6.84E-8    1.335E-6   2.63E-7
 13.35  2.522E-11   1.416E-11   2.857E-7   7.45E-8    1.009E-6   2.18E-7
 13.45  8.693E-12   5.7E-12     3.388E-7   7.84E-8    1.6E-6     2.76E-7
 13.55  2.0084E-11  1.1192E-11  1.549E-7   4.85E-8    1.622E-6   2.87E-7
 13.65  4.071E-11   1.8513E-11  2.96E-7    7.23E-8    1.156E-6   2.29E-7
 13.75  1.6675E-10  1.5161E-10  2.596E-7   7.08E-8    1.297E-6   2.56E-7
 13.85  7.493E-12   3.158E-12   2.144E-7   6.64E-8    9.47E-7    2.078E-7
 13.95  7.586E-12   4.51E-12    1.113E-7   3.98E-8    1.034E-6   2.201E-7
 14.05  5.163E-12   1.952E-12   1.06E-7    3.719E-8   8.61E-7    1.909E-7
 14.15  8.84E-12    4.817E-12   1.891E-7   6.26E-8    8.05E-7    1.942E-7
 14.25  1.766E-11   1.502E-11   1.146E-7   4.29E-8    6.69E-7    1.822E-7
 14.35  8.061E-12   4.704E-12   6E-8       2.441E-8   8.67E-7    2.089E-7
 14.45  3.419E-12   2.077E-12   8.09E-8    3.31E-8    6.44E-7    1.62E-7
 14.55  1.0062E-12  6.873E-13   9.54E-8    3.92E-8    3.93E-7    1.242E-7
 14.65  1.569E-12   9.29E-13    1.31E-7    4.65E-8    3.882E-7   1.156E-7
 14.75  3.433E-13   1.809E-13   8.35E-8    3.762E-8   4.28E-7    1.4E-7
 14.85  6.326E-13   5.783E-13   5.18E-8    2.812E-8   2.734E-7   1.024E-7
 14.95  6.8554E-12  6.7141E-12  7.93E-8    3.148E-8   3.12E-7    1.074E-7
 15.05  3.822E-13   1.717E-13   8.74E-8    3.601E-8   4.75E-7    1.309E-7
 15.15  9.69E-12    9.54E-12    5.89E-8    2.968E-8   1.84E-7    7.24E-8
 15.25  1.5102E-12  1.0648E-12  2.575E-8   1.516E-8   1.793E-7   7.95E-8
 15.35  1.1121E-13  5.845E-14   6.9E-8     3.168E-8   2.353E-7   8.32E-8
 15.45  2.0805E-13  1.5524E-13  1.76E-8    1.61E-8    2.154E-7   9.18E-8
 15.55  1.2365E-13  1.1787E-13  2.376E-8   1.444E-8   1.079E-7   5.58E-8
 15.65  8.377E-12   8.054E-12   2.957E-8   2.048E-8   1.983E-7   8.95E-8
 15.75  1.3543E-13  7.846E-14   2.495E-8   1.674E-8   2.64E-7    1.084E-7
 15.85  3.527E-14   2.853E-14   3.214E-8   3.046E-8   1.262E-7   6.77E-8
 15.95  5.4851E-13  4.4253E-13  8.38E-9    8.08E-9    1.168E-7   6.89E-8
 16.05  3.5891E-14  3.5459E-14  2.291E-9   1.575E-9   9.04E-8    5.25E-8
 16.15  1.775E-13   1.647E-13   1.544E-8   1.311E-8   7.62E-8    4.83E-8
 16.25  1.4797E-13  7.977E-14   1.835E-8   1.572E-8   1.924E-7   8.61E-8
 16.35  6.778E-12   6.705E-12   8.85E-9    5.48E-9    1.102E-7   6.19E-8
 16.45  4.61E-14    2.778E-14   1.217E-8   1.098E-8   1.054E-7   6.12E-8
 16.55  1.0061E-14  9.875E-15   1.31E-8    1.239E-8   7.4E-8     4.5E-8
 16.65  2.371E-15   1.7371E-15  3.51E-9    3.024E-9   8.26E-8    5.59E-8
 16.75  2.324E-13   1.935E-13   1.099E-8   8.1E-9     1.308E-7   6.37E-8
 16.85  2.8765E-13  1.9743E-13  4.977E-9   3.781E-9   7.91E-8    5.37E-8
 16.95  1.41E-13    1.41E-13    9.68E-9    9.68E-9    1.799E-8   1.799E-8
 17.05  2.139E-13   2.118E-13   9.79E-9    8.87E-9    7.23E-8    4.69E-8
 17.15  1.6277E-15  1.6277E-15  5.51E-11   5.51E-11   2.698E-8   2.698E-8
 17.25  4.963E-14   4.6761E-14  3.79E-10   3.081E-10  7.98E-8    4.87E-8
 17.35  0           0           0          0          0          0
 17.45  1.2131E-13  1.2031E-13  5.73E-9    5.73E-9    4.65E-8    3.31E-8
 17.55  1.2052E-14  1.0161E-14  9.53E-10   6.83E-10   7.66E-8    4.82E-8
 17.65  2.1757E-15  1.5665E-15  1.233E-9   1.181E-9   4.98E-8    3.66E-8
 17.75  0           0           0          0          0          0
 17.85  1.3039E-14  1.1915E-14  8.76E-11   6.76E-11   4.98E-8    3.95E-8
 17.95  1.5298E-14  1.5193E-14  6.89E-10   5.97E-10   4.872E-8   3.589E-8
 18.05  0           0           0          0          0          0
 18.15  0           0           0          0          0          0
 18.25  6.1451E-16  6.1451E-16  1.875E-11  1.875E-11  2.383E-8   2.383E-8
 18.35  0           0           0          0          0          0
 18.45  0           0           0          0          0          0
 18.55  3.978E-15   3.8036E-15  1.741E-10  1.304E-10  6.92E-8    4.13E-8
 18.65  0           0           0          0          0          0
 18.75  4.195E-17   3.289E-17   5.192E-11  4.703E-11  4.52E-8    3.232E-8
 18.85  0           0           0          0          0          0
 18.95  6.9281E-17  6.9281E-17  2.822E-11  2.822E-11  2.208E-8   2.208E-8
 19.05  0           0           0          0          0          0
 19.15  5.876E-15   5.876E-15   5.98E-12   5.98E-12   2.169E-8   2.169E-8
 19.25  0           0           0          0          0          0
 19.35  9.2405E-16  9.2405E-16  9.17E-11   9.17E-11   2.12E-8    2.12E-8
 19.45  0           0           0          0          0          0
 19.55  4.5548E-16  4.5548E-16  4.82E-11   4.82E-11   2.074E-8   2.074E-8
 19.65  0           0           0          0          0          0
 19.75  0           0           0          0          0          0
 19.85  0           0           0          0          0          0
 19.95  0           0           0          0          0          0
 20.05  0           0           0          0          0          0
