   R      RHORPP     DRHORPP    RHORNP    DRHORNP    RHORNN    DRHORNN
   .05   4.931E-4   2.898E-4    .005079   .002546  7.94E-4    4.261E-4
   .15   5.412E-4   1.0969E-4   .006171   .00106    .0010143  1.8298E-4
   .25    .001113   9.941E-5    .01134   8.61E-4    .0021303  1.7044E-4
   .35    .002502   1.0924E-4   .02348   8.79E-4    .004697   1.8635E-4
   .45    .004997   1.2526E-4   .04318   9.19E-4    .009395   2.128E-4
   .55    .008774   1.387E-4    .0701    9.51E-4    .016172   2.348E-4
   .65    .012739   1.45E-4     .0979    9.43E-4    .02388    2.469E-4
   .75    .01722    1.495E-4    .1248    9.17E-4    .03191    2.525E-4
   .85    .02052    1.471E-4    .1438    8.62E-4    .03785    2.471E-4
   .95    .02221    1.392E-4    .1494    7.83E-4    .04075    2.36E-4
  1.05    .02308    1.311E-4    .1489    7.02E-4    .04207    2.201E-4
  1.15    .02304    1.216E-4    .1433    6.28E-4    .04198    2.04E-4
  1.25    .02205    1.108E-4    .1314    5.49E-4    .0398     1.861E-4
  1.35    .02161    1.029E-4    .1237    4.9E-4     .03876    1.726E-4
  1.45    .02028    9.39E-5     .1123    4.305E-4   .03652    1.591E-4
  1.55    .01894    8.57E-5     .1009    3.802E-4   .03392    1.46E-4
  1.65    .01771    7.88E-5     .0911    3.373E-4   .03176    1.355E-4
  1.75    .01637    7.21E-5     .0816    3E-4       .02937    1.248E-4
  1.85    .0153     6.68E-5     .0738    2.679E-4   .02741    1.161E-4
  1.95    .01417    6.14E-5     .0665    2.392E-4   .02551    1.073E-4
  2.05    .01313    5.69E-5     .0598    2.155E-4   .0237     1.001E-4
  2.15    .01208    5.24E-5     .0535    1.929E-4   .0219     9.28E-5
  2.25    .01118    4.85E-5     .0483    1.74E-4    .02035    8.66E-5
  2.35    .01037    4.53E-5     .0436    1.588E-4   .01898    8.12E-5
  2.45    .00956    4.17E-5     .03915   1.435E-4   .01749    7.51E-5
  2.55    .00893    3.89E-5     .03571   1.308E-4   .01645    7.06E-5
  2.65    .00839    3.64E-5     .03278   1.204E-4   .01557    6.65E-5
  2.75    .00776    3.37E-5     .02969   1.096E-4   .01449    6.21E-5
  2.85    .0072     3.14E-5     .02712   1.008E-4   .0136     5.82E-5
  2.95    .00672    2.92E-5     .02478   9.25E-5    .01276    5.44E-5
  3.05    .00629    2.72E-5     .02284   8.53E-5    .01204    5.12E-5
  3.15    .00588    2.53E-5     .02101   7.86E-5    .01135    4.8E-5
  3.25    .00556    2.371E-5    .0196    7.33E-5    .01082    4.53E-5
  3.35    .00524    2.222E-5    .01817   6.81E-5    .01025    4.26E-5
  3.45    .00487    2.07E-5     .01684   6.33E-5    .00966    4.02E-5
  3.55    .00457    1.939E-5    .01554   5.88E-5    .00907    3.76E-5
  3.65    .00427    1.81E-5     .01437   5.49E-5    .00856    3.55E-5
  3.75    .00401    1.692E-5    .01344   5.15E-5    .00811    3.35E-5
  3.85    .00373    1.598E-5    .01246   4.82E-5    .00761    3.18E-5
  3.95    .00345    1.477E-5    .01147   4.49E-5    .00709    2.969E-5
  4.05    .003214   1.395E-5    .01061   4.22E-5    .00663    2.804E-5
  4.15    .002968   1.295E-5    .0098    3.933E-5   .00619    2.642E-5
  4.25    .002707   1.208E-5    .00896   3.68E-5    .0057     2.477E-5
  4.35    .002487   1.122E-5    .00819   3.427E-5   .00526    2.314E-5
  4.45    .002278   1.05E-5     .00751   3.215E-5   .00486    2.185E-5
  4.55    .002083   9.77E-6     .00685   3.004E-5   .00448    2.044E-5
  4.65    .001912   9.16E-6     .00629   2.818E-5   .00413    1.931E-5
  4.75    .001714   8.48E-6     .00564   2.618E-5   .00372    1.797E-5
  4.85    .001549   7.9E-6      .00512   2.446E-5   .003399   1.683E-5
  4.95    .001374   7.31E-6     .00457   2.273E-5   .003047   1.567E-5
  5.05    .001253   6.8E-6      .00416   2.126E-5   .002789   1.475E-5
  5.15    .001116   6.29E-6     .00373   1.98E-5    .002511   1.379E-5
  5.25   9.92E-4    5.83E-6     .003317  1.844E-5   .002243   1.281E-5
  5.35   8.74E-4    5.35E-6     .002944  1.7E-5     .001995   1.19E-5
  5.45   7.75E-4    4.94E-6     .002622  1.579E-5   .001791   1.106E-5
  5.55   6.81E-4    4.54E-6     .002315  1.46E-5    .001586   1.029E-5
  5.65   6.02E-4    4.201E-6    .002062  1.365E-5   .001415   9.6E-6
  5.75   5.23E-4    3.831E-6    .001796  1.247E-5   .001237   8.82E-6
  5.85   4.598E-4   3.512E-6    .001583  1.151E-5   .001098   8.18E-6
  5.95   3.939E-4   3.201E-6    .00138   1.057E-5  9.54E-4    7.53E-6
  6.05   3.399E-4   2.928E-6    .00119   9.7E-6    8.26E-4    6.92E-6
  6.15   2.895E-4   2.632E-6    .001029  8.85E-6   7.17E-4    6.36E-6
  6.25   2.532E-4   2.432E-6   9.03E-4   8.18E-6   6.3E-4     5.89E-6
  6.35   2.187E-4   2.217E-6   7.9E-4    7.53E-6   5.53E-4    5.44E-6
  6.45   1.87E-4    2.012E-6   6.76E-4   6.87E-6   4.75E-4    4.96E-6
  6.55   1.603E-4   1.827E-6   5.84E-4   6.29E-6   4.11E-4    4.57E-6
  6.65   1.362E-4   1.647E-6   5.03E-4   5.74E-6   3.55E-4    4.19E-6
  6.75   1.147E-4   1.495E-6   4.28E-4   5.23E-6   3.023E-4   3.82E-6
  6.85   9.76E-5    1.337E-6   3.682E-4  4.76E-6   2.609E-4   3.5E-6
  6.95   8.15E-5    1.206E-6   3.142E-4  4.36E-6   2.227E-4   3.22E-6
  7.05   7E-5       1.093E-6   2.698E-4  3.94E-6   1.912E-4   2.92E-6
  7.15   5.78E-5    9.81E-7    2.256E-4  3.58E-6   1.6E-4     2.66E-6
  7.25   5.17E-5    9.13E-7    2.041E-4  3.354E-6  1.457E-4   2.498E-6
  7.35   4.153E-5   8.02E-7    1.663E-4  3.004E-6  1.189E-4   2.239E-6
  7.45   3.412E-5   7.19E-7    1.396E-4  2.712E-6  9.97E-5    2.034E-6
  7.55   2.82E-5    6.26E-7    1.183E-4  2.434E-6  8.51E-5    1.848E-6
  7.65   2.446E-5   5.84E-7    1.028E-4  2.254E-6  7.39E-5    1.704E-6
  7.75   2.028E-5   5.19E-7    8.62E-5   2.04E-6   6.21E-5    1.548E-6
  7.85   1.583E-5   4.454E-7   6.94E-5   1.798E-6  5.02E-5    1.373E-6
  7.95   1.358E-5   4.12E-7    5.9E-5    1.648E-6  4.24E-5    1.251E-6
  8.05   1.159E-5   3.759E-7   5.26E-5   1.544E-6  3.81E-5    1.19E-6
  8.15   9.35E-6    3.28E-7    4.36E-5   1.382E-6  3.17E-5    1.067E-6
  8.25   7.92E-6    2.99E-7    3.667E-5  1.251E-6  2.66E-5    9.67E-7
  8.35   6.52E-6    2.668E-7   3.054E-5  1.125E-6  2.219E-5   8.68E-7
  8.45   5.389E-6   2.329E-7   2.578E-5  1.011E-6  1.894E-5   7.94E-7
  8.55   4.445E-6   2.109E-7   2.215E-5  9.4E-7    1.622E-5   7.4E-7
  8.65   3.817E-6   1.951E-7   1.94E-5   8.69E-7   1.416E-5   6.85E-7
  8.75   3.181E-6   1.784E-7   1.649E-5  8.02E-7   1.196E-5   6.29E-7
  8.85   2.609E-6   1.597E-7   1.321E-5  7.04E-7   9.64E-6    5.51E-7
  8.95   2.22E-6    1.403E-7   1.167E-5  6.47E-7   8.49E-6    5.05E-7
  9.05   1.722E-6   1.188E-7   9.98E-6   5.98E-7   7.33E-6    4.76E-7
  9.15   1.374E-6   1.032E-7   8.28E-6   5.35E-7   6.05E-6    4.22E-7
  9.25   1.191E-6   9.53E-8    7.08E-6   4.89E-7   5.19E-6    3.88E-7
  9.35   9.7E-7     8.53E-8    5.73E-6   4.35E-7   4.16E-6    3.46E-7
  9.45   9.18E-7    8.29E-8    5.49E-6   4.21E-7   3.98E-6    3.34E-7
  9.55   6.26E-7    6.55E-8    3.99E-6   3.54E-7   2.95E-6    2.87E-7
  9.65   5.467E-7   6.23E-8    3.296E-6  3.207E-7  2.43E-6    2.57E-7
  9.75   4.395E-7   5.49E-8    2.909E-6  3.036E-7  2.12E-6    2.38E-7
  9.85   2.933E-7   4.529E-8   2.036E-6  2.476E-7  1.495E-6   2.004E-7
  9.95   3.527E-7   4.88E-8    2.2E-6    2.541E-7  1.575E-6   2E-7
 10.05   2.239E-7   3.744E-8   1.478E-6  2.08E-7   1.084E-6   1.666E-7
 10.15   1.586E-7   3.257E-8   9.74E-7   1.633E-7  7.21E-7    1.324E-7
 10.25   1.936E-7   3.691E-8   1.141E-6  1.786E-7  8.36E-7    1.428E-7
 10.35   1.767E-7   3.36E-8    9.88E-7   1.643E-7  7.18E-7    1.295E-7
 10.45   1.141E-7   2.487E-8   8.63E-7   1.516E-7  6.26E-7    1.226E-7
 10.55   8.57E-8    1.987E-8   7.57E-7   1.408E-7  5.4E-7     1.099E-7
 10.65   5.031E-8   1.485E-8   5.1E-7    1.147E-7  3.75E-7    9.28E-8
 10.75   6.12E-8    1.687E-8   5.26E-7   1.153E-7  3.78E-7    9.19E-8
 10.85   6.95E-8    2.457E-8   4.69E-7   1.191E-7  3.18E-7    8.78E-8
 10.95   1.899E-8   1.033E-8   2.243E-7  7.5E-8    1.553E-7   5.69E-8
 11.05   5.341E-9   2.242E-9   2.537E-7  8.09E-8   1.754E-7   6.35E-8
 11.15   4.008E-8   2.049E-8   2.258E-7  8.42E-8   1.608E-7   6.43E-8
 11.25   1.247E-8   8.16E-9    1.108E-7  4.98E-8   8.63E-8    4.3E-8
 11.35   1.316E-8   6.39E-9    1.58E-7   6E-8      1.173E-7   4.93E-8
 11.45   1.614E-8   9.11E-9    2.111E-7  7.27E-8   1.371E-7   5.24E-8
 11.55   2.935E-8   1.716E-8   1.229E-7  5.77E-8   8.64E-8    4.44E-8
 11.65   1.286E-8   8.54E-9    1.302E-7  5.36E-8   9.14E-8    4.38E-8
 11.75   8.13E-9    5.427E-9   8.43E-8   4.25E-8   6.13E-8    3.42E-8
 11.85   8.4E-9     7.65E-9    6.33E-8   3.68E-8   4.16E-8    2.789E-8
 11.95   8E-9       6.92E-9    9.12E-8   4.77E-8   4.94E-8    2.932E-8
 12.05   6.85E-9    6.61E-9    6.14E-8   3.568E-8  4.13E-8    2.71E-8
 12.15   2.091E-9   1.64E-9    8.79E-8   4.6E-8    5.38E-8    2.883E-8
 12.25   2.433E-10  2.039E-10  3.95E-8   2.8E-8    3.096E-8   2.252E-8
 12.35   1.131E-8   7.82E-9    5.48E-8   3.184E-8  3.83E-8    2.47E-8
 12.45   0          0          0         0         0          0
 12.55   9.36E-11   9.36E-11   1.953E-8  1.953E-8  1.404E-8   1.404E-8
 12.65   0          0          0         0         0          0
 12.75   0          0          0         0         0          0
 12.85   0          0          0         0         0          0
 12.95   0          0          0         0         0          0
 13.05   0          0          0         0         0          0
 13.15   0          0          0         0         0          0
 13.25   0          0          0         0         0          0
 13.35   0          0          0         0         0          0
 13.45   0          0          0         0         0          0
 13.55   0          0          0         0         0          0
 13.65   0          0          0         0         0          0
 13.75   0          0          0         0         0          0
 13.85   0          0          0         0         0          0
 13.95   0          0          0         0         0          0
 14.05   2.627E-10  2.627E-10  1.649E-8  1.649E-8  1.01E-8    1.01E-8
 14.15   0          0          0         0         0          0
 14.25   0          0          0         0         0          0
 14.35   0          0          0         0         0          0
 14.45   0          0          0         0         0          0
 14.55   0          0          0         0         0          0
 14.65   0          0          0         0         0          0
 14.75   0          0          0         0         0          0
 14.85   0          0          0         0         0          0
 14.95   0          0          0         0         0          0
 15.05   0          0          0         0         0          0
 15.15   0          0          0         0         0          0
 15.25   0          0          0         0         0          0
 15.35  -1.53E-11   1.53E-11   1.404E-8  1.404E-8  8.49E-9    8.49E-9
 15.45   0          0          0         0         0          0
 15.55   0          0          0         0         0          0
 15.65   0          0          0         0         0          0
 15.75   0          0          0         0         0          0
 15.85   0          0          0         0         0          0
 15.95   0          0          0         0         0          0
 16.05   0          0          0         0         0          0
 16.15   0          0          0         0         0          0
 16.25   0          0          0         0         0          0
 16.35   0          0          0         0         0          0
 16.45   0          0          0         0         0          0
 16.55   0          0          0         0         0          0
 16.65   0          0          0         0         0          0
 16.75   0          0          0         0         0          0
 16.85   0          0          0         0         0          0
 16.95   0          0          0         0         0          0
 17.05   0          0          0         0         0          0
 17.15   0          0          0         0         0          0
 17.25   0          0          0         0         0          0
 17.35   0          0          0         0         0          0
 17.45   0          0          0         0         0          0
 17.55   0          0          0         0         0          0
 17.65   0          0          0         0         0          0
 17.75   0          0          0         0         0          0
 17.85   0          0          0         0         0          0
 17.95   0          0          0         0         0          0
 18.05   0          0          0         0         0          0
 18.15   0          0          0         0         0          0
 18.25   0          0          0         0         0          0
 18.35   0          0          0         0         0          0
 18.45   0          0          0         0         0          0
 18.55   0          0          0         0         0          0
 18.65   0          0          0         0         0          0
 18.75   0          0          0         0         0          0
 18.85   0          0          0         0         0          0
 18.95   0          0          0         0         0          0
 19.05   0          0          0         0         0          0
 19.15   0          0          0         0         0          0
 19.25   0          0          0         0         0          0
 19.35   0          0          0         0         0          0
 19.45   0          0          0         0         0          0
 19.55   0          0          0         0         0          0
 19.65   0          0          0         0         0          0
 19.75   0          0          0         0         0          0
 19.85   0          0          0         0         0          0
 19.95   0          0          0         0         0          0
 20.05   0          0          0         0         0          0
