   R       RHORPP       DRHORPP       RHORNP       DRHORNP
 0.050   8.8770E-04   2.0441E-04    7.1858E-03   1.0885E-03
 0.150   1.9418E-03   1.4913E-04    1.6610E-02   8.5230E-04
 0.250   4.2437E-03   1.5695E-04    2.7004E-02   7.3526E-04
 0.350   9.8445E-03   1.9395E-04    5.8763E-02   8.9838E-04
 0.450   2.0498E-02   2.5176E-04    1.1202E-01   1.1071E-03
 0.550   3.6416E-02   3.0827E-04    1.8279E-01   1.2305E-03
 0.650   5.5663E-02   3.3780E-04    2.6519E-01   1.2973E-03
 0.750   7.5047E-02   3.4681E-04    3.4030E-01   1.3365E-03
 0.850   9.0205E-02   3.5225E-04    3.9244E-01   1.2756E-03
 0.950   1.0066E-01   3.3980E-04    4.1414E-01   1.1726E-03
 1.050   1.0610E-01   3.1890E-04    4.1525E-01   1.0671E-03
 1.150   1.0822E-01   2.9490E-04    4.0406E-01   9.5376E-04
 1.250   1.0757E-01   2.6675E-04    3.8189E-01   8.1860E-04
 1.350   1.0627E-01   2.4831E-04    3.5729E-01   7.2291E-04
 1.450   1.0431E-01   2.3343E-04    3.3363E-01   6.3409E-04
 1.550   1.0215E-01   2.1562E-04    3.1123E-01   5.7810E-04
 1.650   9.9663E-02   1.9940E-04    2.9067E-01   5.0447E-04
 1.750   9.7818E-02   1.8525E-04    2.7295E-01   4.5948E-04
 1.850   9.5389E-02   1.7487E-04    2.5618E-01   4.2013E-04
 1.950   9.3426E-02   1.6549E-04    2.4181E-01   3.7874E-04
 2.050   9.1400E-02   1.5776E-04    2.2931E-01   3.5060E-04
 2.150   8.9162E-02   1.4653E-04    2.1795E-01   3.2690E-04
 2.250   8.6958E-02   1.4012E-04    2.0769E-01   3.0074E-04
 2.350   8.5065E-02   1.2991E-04    1.9896E-01   2.7692E-04
 2.450   8.2605E-02   1.2432E-04    1.9073E-01   2.6935E-04
 2.550   8.0800E-02   1.1794E-04    1.8368E-01   2.4689E-04
 2.650   7.8012E-02   1.1140E-04    1.7607E-01   2.3326E-04
 2.750   7.5542E-02   1.0406E-04    1.6834E-01   2.1350E-04
 2.850   7.2954E-02   9.8275E-05    1.6082E-01   2.0375E-04
 2.950   6.9884E-02   9.4293E-05    1.5289E-01   1.9477E-04
 3.050   6.6835E-02   8.6945E-05    1.4518E-01   1.8194E-04
 3.150   6.3707E-02   8.3937E-05    1.3755E-01   1.7155E-04
 3.250   6.0699E-02   7.8322E-05    1.3000E-01   1.5893E-04
 3.350   5.7610E-02   7.5079E-05    1.2274E-01   1.5238E-04
 3.450   5.4367E-02   6.8994E-05    1.1542E-01   1.4286E-04
 3.550   5.1248E-02   6.5358E-05    1.0816E-01   1.3557E-04
 3.650   4.7947E-02   6.1089E-05    1.0100E-01   1.2473E-04
 3.750   4.4923E-02   5.8055E-05    9.3993E-02   1.2195E-04
 3.850   4.1853E-02   5.4593E-05    8.7554E-02   1.0904E-04
 3.950   3.8712E-02   4.9886E-05    8.0968E-02   1.0274E-04
 4.050   3.5876E-02   4.6385E-05    7.4726E-02   9.6296E-05
 4.150   3.2924E-02   4.6330E-05    6.8741E-02   9.4795E-05
 4.250   3.0235E-02   4.2471E-05    6.3201E-02   8.6103E-05
 4.350   2.7629E-02   4.0240E-05    5.7712E-02   8.0820E-05
 4.450   2.5108E-02   3.7739E-05    5.2572E-02   7.7738E-05
 4.550   2.2856E-02   3.5939E-05    4.7780E-02   7.2000E-05
 4.650   2.0705E-02   3.3604E-05    4.3296E-02   6.8664E-05
 4.750   1.8630E-02   3.1077E-05    3.9084E-02   6.5926E-05
 4.850   1.6719E-02   2.9654E-05    3.5213E-02   5.9501E-05
 4.950   1.4980E-02   2.7571E-05    3.1607E-02   5.6763E-05
 5.050   1.3384E-02   2.6539E-05    2.8363E-02   5.4578E-05
 5.150   1.1893E-02   2.4337E-05    2.5339E-02   5.0772E-05
 5.250   1.0592E-02   2.2600E-05    2.2466E-02   4.6996E-05
 5.350   9.3601E-03   2.0785E-05    2.0025E-02   4.3238E-05
 5.450   8.2053E-03   1.9744E-05    1.7661E-02   4.0540E-05
 5.550   7.2617E-03   1.8650E-05    1.5552E-02   3.8264E-05
 5.650   6.3511E-03   1.7683E-05    1.3760E-02   3.6369E-05
 5.750   5.5597E-03   1.5782E-05    1.2066E-02   3.2473E-05
 5.850   4.8430E-03   1.4528E-05    1.0567E-02   2.9989E-05
 5.950   4.1987E-03   1.3102E-05    9.2060E-03   2.7471E-05
 6.050   3.6327E-03   1.2618E-05    7.9877E-03   2.6246E-05
 6.150   3.1480E-03   1.1542E-05    6.9770E-03   2.4197E-05
 6.250   2.7229E-03   1.0966E-05    6.0321E-03   2.2004E-05
 6.350   2.3468E-03   9.8974E-06    5.2564E-03   2.0775E-05
 6.450   2.0073E-03   9.0164E-06    4.4562E-03   1.8852E-05
 6.550   1.7271E-03   8.7421E-06    3.8892E-03   1.8064E-05
 6.650   1.4706E-03   7.7171E-06    3.3051E-03   1.6106E-05
 6.750   1.2555E-03   7.1459E-06    2.8617E-03   1.4813E-05
 6.850   1.0665E-03   6.5893E-06    2.4211E-03   1.3791E-05
 6.950   9.2095E-04   6.2047E-06    2.0988E-03   1.3030E-05
 7.050   7.7844E-04   5.7289E-06    1.7940E-03   1.2208E-05
 7.150   6.5392E-04   5.1444E-06    1.5042E-03   1.0962E-05
 7.250   5.5802E-04   4.9891E-06    1.2950E-03   1.0307E-05
 7.350   4.7615E-04   4.4868E-06    1.0972E-03   9.4428E-06
 7.450   3.9360E-04   4.1596E-06    9.4028E-04   9.0185E-06
 7.550   3.3345E-04   3.8133E-06    7.8379E-04   8.1290E-06
 7.650   2.8003E-04   3.4751E-06    6.7231E-04   7.3567E-06
 7.750   2.4179E-04   3.2761E-06    5.6410E-04   6.7346E-06
 7.850   1.9869E-04   3.0158E-06    4.6494E-04   6.4586E-06
 7.950   1.6990E-04   2.7787E-06    4.0390E-04   6.1603E-06
 8.050   1.3828E-04   2.5609E-06    3.3932E-04   5.6114E-06
 8.150   1.1721E-04   2.3115E-06    2.8731E-04   5.0309E-06
 8.250   9.8939E-05   2.1374E-06    2.3188E-04   4.4891E-06
 8.350   8.2426E-05   1.9602E-06    2.0452E-04   4.3039E-06
 8.450   6.8804E-05   1.8200E-06    1.6338E-04   3.8535E-06
 8.550   5.9210E-05   1.8068E-06    1.4112E-04   3.6663E-06
 8.650   4.8364E-05   1.6590E-06    1.1898E-04   3.3600E-06
 8.750   4.0321E-05   1.5494E-06    1.0056E-04   3.1566E-06
 8.850   3.5681E-05   1.3751E-06    8.6077E-05   2.8679E-06
 8.950   2.6797E-05   1.2103E-06    7.2032E-05   2.7874E-06
 9.050   2.2970E-05   1.1557E-06    5.9463E-05   2.4789E-06
 9.150   2.0113E-05   1.0005E-06    5.0712E-05   2.1857E-06
 9.250   1.5855E-05   9.9938E-07    3.9230E-05   2.0838E-06
 9.350   1.2648E-05   8.7679E-07    3.2618E-05   1.8679E-06
 9.450   1.0129E-05   7.3839E-07    2.9180E-05   1.7255E-06
 9.550   9.3367E-06   7.6112E-07    2.5195E-05   1.6131E-06
 9.650   8.2289E-06   8.3053E-07    2.0530E-05   1.3844E-06
 9.750   6.1123E-06   5.5379E-07    1.7926E-05   1.4994E-06
 9.850   5.6951E-06   6.7485E-07    1.4109E-05   1.1862E-06
 9.950   4.2639E-06   5.0331E-07    1.1433E-05   1.1885E-06
10.050   3.3989E-06   3.8907E-07    9.4763E-06   1.0464E-06
10.150   4.2523E-06   5.7235E-07    9.1387E-06   1.1076E-06
10.250   2.5290E-06   3.7830E-07    6.1899E-06   7.1027E-07
10.350   2.2189E-06   4.3618E-07    5.9834E-06   9.2511E-07
10.450   7.4751E-07   5.2109E-07    5.7841E-06   8.3214E-07
10.550   2.0147E-06   3.0567E-07    4.2975E-06   7.1526E-07
10.650   1.2523E-06   2.3724E-07    3.7681E-06   7.1357E-07
10.750   9.4421E-07   2.5440E-07    1.7774E-06   5.1372E-07
10.850   1.1369E-06   2.2641E-07    1.4837E-06   3.6591E-07
10.950   7.8395E-07   3.6772E-07    2.6442E-06   6.3299E-07
11.050   5.2036E-07   1.1374E-07    1.7893E-06   3.9681E-07
11.150   4.7458E-07   3.5837E-07    1.0697E-06   3.1497E-07
11.250   3.0618E-07   1.1972E-07    1.0396E-06   5.0862E-07
11.350   2.5852E-07   1.5588E-07    9.7335E-07   3.8107E-07
11.450   2.0532E-07   1.4684E-07    8.1715E-07   2.7723E-07
11.550   1.5165E-07   7.8436E-08    7.3231E-07   2.6343E-07
11.650   2.8437E-07   1.3704E-07    9.1208E-07   6.2169E-07
11.750   3.8836E-07   8.1627E-08    3.6956E-07   1.9711E-07
11.850   1.3613E-07   3.8545E-08    4.4857E-07   1.7115E-07
11.950   1.4449E-07   8.0513E-08    1.8813E-07   7.7743E-08
12.050   3.7556E-08   2.1612E-07    4.0198E-07   1.8657E-07
12.150   3.0824E-07   7.2691E-08    1.3140E-07   6.9351E-08
12.250   4.6415E-08   5.4925E-08   -4.9737E-08   7.2428E-08
12.350   1.1083E-07   4.2436E-08   -7.1152E-08   7.6182E-08
12.450   3.9820E-08   1.8351E-08    2.7864E-08   2.3100E-08
12.550   1.2346E-08   4.6324E-08    2.7508E-08   3.1616E-08
12.650   1.8951E-08   7.7314E-09    2.3351E-08   1.9135E-08
12.750   1.1305E-08   7.2656E-08    5.2384E-08   8.8348E-08
12.850   2.1660E-08   2.0423E-08    3.7208E-08   1.8452E-08
12.950   2.2305E-08   6.3636E-09   -1.5950E-08   2.4754E-08
13.050   3.6495E-08   1.6151E-08    4.0459E-09   1.0225E-08
13.150   1.4725E-08   6.8786E-09    1.0978E-07   1.0319E-07
13.250   1.1806E-08   2.0198E-09    1.7447E-08   1.2267E-08
13.350   1.0289E-09   5.9236E-09    3.1352E-08   2.3102E-08
13.450   1.0650E-08   2.9741E-09    4.6121E-08   4.3907E-08
13.550   2.2794E-09   3.9470E-09   -2.4627E-10   2.4637E-10
13.650   1.4753E-08   4.4476E-09    4.5348E-08   3.6299E-08
13.750   0.0000E+00   0.0000E+00    0.0000E+00   0.0000E+00
13.850   1.7139E-09   1.7759E-09   -2.0077E-08   2.0075E-08
13.950   0.0000E+00   0.0000E+00    0.0000E+00   0.0000E+00
14.050  -4.9137E-10   1.2873E-09   -3.8665E-09   3.8703E-09
14.150  -4.3163E-10   1.3443E-09    1.0901E-07   1.0959E-07
14.250   1.8705E-10   6.1370E-10   -3.2854E-09   3.2861E-09
14.350   0.0000E+00   0.0000E+00    0.0000E+00   0.0000E+00
14.450   2.4006E-09   1.6479E-09   -9.0680E-08   1.0565E-07
14.550  -6.4801E-11   7.3807E-12   -3.1284E-09   3.1286E-09
14.650   0.0000E+00   0.0000E+00    0.0000E+00   0.0000E+00
14.750   1.2903E-09   2.9614E-09    1.7090E-12   1.7088E-12
14.850   0.0000E+00   0.0000E+00    0.0000E+00   0.0000E+00
14.950   0.0000E+00   0.0000E+00    0.0000E+00   0.0000E+00
15.050   0.0000E+00   0.0000E+00    0.0000E+00   0.0000E+00
15.150   0.0000E+00   0.0000E+00    0.0000E+00   0.0000E+00
15.250   2.2019E-14   1.7020E-14    3.7897E-09   3.8029E-09
15.350   0.0000E+00   0.0000E+00    0.0000E+00   0.0000E+00
15.450   1.9585E-09   1.9086E-09   -3.0474E-10   3.0357E-10
15.550   0.0000E+00   0.0000E+00    0.0000E+00   0.0000E+00
15.650   0.0000E+00   0.0000E+00    0.0000E+00   0.0000E+00
15.750   0.0000E+00   0.0000E+00    0.0000E+00   0.0000E+00
15.850   0.0000E+00   0.0000E+00    0.0000E+00   0.0000E+00
15.950   0.0000E+00   0.0000E+00    0.0000E+00   0.0000E+00
16.050   0.0000E+00   0.0000E+00    0.0000E+00   0.0000E+00
16.150   0.0000E+00   0.0000E+00    0.0000E+00   0.0000E+00
16.250   0.0000E+00   0.0000E+00    0.0000E+00   0.0000E+00
16.350   0.0000E+00   0.0000E+00    0.0000E+00   0.0000E+00
16.450   0.0000E+00   0.0000E+00    0.0000E+00   0.0000E+00
16.550   0.0000E+00   0.0000E+00    0.0000E+00   0.0000E+00
16.650   0.0000E+00   0.0000E+00    0.0000E+00   0.0000E+00
16.750   0.0000E+00   0.0000E+00    0.0000E+00   0.0000E+00
16.850   0.0000E+00   0.0000E+00    0.0000E+00   0.0000E+00
16.950   0.0000E+00   0.0000E+00    0.0000E+00   0.0000E+00
17.050   0.0000E+00   0.0000E+00    0.0000E+00   0.0000E+00
17.150   0.0000E+00   0.0000E+00    0.0000E+00   0.0000E+00
17.250   0.0000E+00   0.0000E+00    0.0000E+00   0.0000E+00
17.350   0.0000E+00   0.0000E+00    0.0000E+00   0.0000E+00
17.450   0.0000E+00   0.0000E+00    0.0000E+00   0.0000E+00
17.550   0.0000E+00   0.0000E+00    0.0000E+00   0.0000E+00
17.650   0.0000E+00   0.0000E+00    0.0000E+00   0.0000E+00
17.750   0.0000E+00   0.0000E+00    0.0000E+00   0.0000E+00
17.850   0.0000E+00   0.0000E+00    0.0000E+00   0.0000E+00
17.950   0.0000E+00   0.0000E+00    0.0000E+00   0.0000E+00
18.050   0.0000E+00   0.0000E+00    0.0000E+00   0.0000E+00
18.150   0.0000E+00   0.0000E+00    0.0000E+00   0.0000E+00
18.250   0.0000E+00   0.0000E+00    0.0000E+00   0.0000E+00
18.350   0.0000E+00   0.0000E+00    0.0000E+00   0.0000E+00
18.450   0.0000E+00   0.0000E+00    0.0000E+00   0.0000E+00
18.550   0.0000E+00   0.0000E+00    0.0000E+00   0.0000E+00
18.650   0.0000E+00   0.0000E+00    0.0000E+00   0.0000E+00
18.750   0.0000E+00   0.0000E+00    0.0000E+00   0.0000E+00
18.850   0.0000E+00   0.0000E+00    0.0000E+00   0.0000E+00
18.950   0.0000E+00   0.0000E+00    0.0000E+00   0.0000E+00
19.050   0.0000E+00   0.0000E+00    0.0000E+00   0.0000E+00
19.150   0.0000E+00   0.0000E+00    0.0000E+00   0.0000E+00
19.250   0.0000E+00   0.0000E+00    0.0000E+00   0.0000E+00
19.350   0.0000E+00   0.0000E+00    0.0000E+00   0.0000E+00
19.450   0.0000E+00   0.0000E+00    0.0000E+00   0.0000E+00
19.550   0.0000E+00   0.0000E+00    0.0000E+00   0.0000E+00
19.650   0.0000E+00   0.0000E+00    0.0000E+00   0.0000E+00
19.750   0.0000E+00   0.0000E+00    0.0000E+00   0.0000E+00
19.850   0.0000E+00   0.0000E+00    0.0000E+00   0.0000E+00
19.950   0.0000E+00   0.0000E+00    0.0000E+00   0.0000E+00
20.050   0.0000E+00   0.0000E+00    0.0000E+00   0.0000E+00
20.150   0.0000E+00   0.0000E+00    0.0000E+00   0.0000E+00
20.250   0.0000E+00   0.0000E+00    0.0000E+00   0.0000E+00
20.350   0.0000E+00   0.0000E+00    0.0000E+00   0.0000E+00
20.450   0.0000E+00   0.0000E+00    0.0000E+00   0.0000E+00
20.550   0.0000E+00   0.0000E+00    0.0000E+00   0.0000E+00
20.650   0.0000E+00   0.0000E+00    0.0000E+00   0.0000E+00
20.750   0.0000E+00   0.0000E+00    0.0000E+00   0.0000E+00
20.850   0.0000E+00   0.0000E+00    0.0000E+00   0.0000E+00
20.950   0.0000E+00   0.0000E+00    0.0000E+00   0.0000E+00
21.050   0.0000E+00   0.0000E+00    0.0000E+00   0.0000E+00
21.150   0.0000E+00   0.0000E+00    0.0000E+00   0.0000E+00
21.250   0.0000E+00   0.0000E+00    0.0000E+00   0.0000E+00
21.350   0.0000E+00   0.0000E+00    0.0000E+00   0.0000E+00
21.450   0.0000E+00   0.0000E+00    0.0000E+00   0.0000E+00
21.550   0.0000E+00   0.0000E+00    0.0000E+00   0.0000E+00
21.650   0.0000E+00   0.0000E+00    0.0000E+00   0.0000E+00
21.750   0.0000E+00   0.0000E+00    0.0000E+00   0.0000E+00
21.850   0.0000E+00   0.0000E+00    0.0000E+00   0.0000E+00
21.950   0.0000E+00   0.0000E+00    0.0000E+00   0.0000E+00
22.050   0.0000E+00   0.0000E+00    0.0000E+00   0.0000E+00
22.150   0.0000E+00   0.0000E+00    0.0000E+00   0.0000E+00
22.250   0.0000E+00   0.0000E+00    0.0000E+00   0.0000E+00
22.350   0.0000E+00   0.0000E+00    0.0000E+00   0.0000E+00
22.450   0.0000E+00   0.0000E+00    0.0000E+00   0.0000E+00
22.550   0.0000E+00   0.0000E+00    0.0000E+00   0.0000E+00
22.650   0.0000E+00   0.0000E+00    0.0000E+00   0.0000E+00
22.750   0.0000E+00   0.0000E+00    0.0000E+00   0.0000E+00
22.850   0.0000E+00   0.0000E+00    0.0000E+00   0.0000E+00
22.950   0.0000E+00   0.0000E+00    0.0000E+00   0.0000E+00
23.050   0.0000E+00   0.0000E+00    0.0000E+00   0.0000E+00
23.150   0.0000E+00   0.0000E+00    0.0000E+00   0.0000E+00
23.250   0.0000E+00   0.0000E+00    0.0000E+00   0.0000E+00
23.350   0.0000E+00   0.0000E+00    0.0000E+00   0.0000E+00
23.450   0.0000E+00   0.0000E+00    0.0000E+00   0.0000E+00
23.550   0.0000E+00   0.0000E+00    0.0000E+00   0.0000E+00
23.650   0.0000E+00   0.0000E+00    0.0000E+00   0.0000E+00
23.750   0.0000E+00   0.0000E+00    0.0000E+00   0.0000E+00
23.850   0.0000E+00   0.0000E+00    0.0000E+00   0.0000E+00
23.950   0.0000E+00   0.0000E+00    0.0000E+00   0.0000E+00
24.050   0.0000E+00   0.0000E+00    0.0000E+00   0.0000E+00
24.150   0.0000E+00   0.0000E+00    0.0000E+00   0.0000E+00
24.250   0.0000E+00   0.0000E+00    0.0000E+00   0.0000E+00
24.350   0.0000E+00   0.0000E+00    0.0000E+00   0.0000E+00
24.450   0.0000E+00   0.0000E+00    0.0000E+00   0.0000E+00
24.550   0.0000E+00   0.0000E+00    0.0000E+00   0.0000E+00
24.650   0.0000E+00   0.0000E+00    0.0000E+00   0.0000E+00
24.750   0.0000E+00   0.0000E+00    0.0000E+00   0.0000E+00
24.850   0.0000E+00   0.0000E+00    0.0000E+00   0.0000E+00
24.950   0.0000E+00   0.0000E+00    0.0000E+00   0.0000E+00
25.050   0.0000E+00   0.0000E+00    0.0000E+00   0.0000E+00
25.150   0.0000E+00   0.0000E+00    0.0000E+00   0.0000E+00
25.250   0.0000E+00   0.0000E+00    0.0000E+00   0.0000E+00
25.350   0.0000E+00   0.0000E+00    0.0000E+00   0.0000E+00
25.450   0.0000E+00   0.0000E+00    0.0000E+00   0.0000E+00
25.550   0.0000E+00   0.0000E+00    0.0000E+00   0.0000E+00
25.650   0.0000E+00   0.0000E+00    0.0000E+00   0.0000E+00
25.750   0.0000E+00   0.0000E+00    0.0000E+00   0.0000E+00
25.850   0.0000E+00   0.0000E+00    0.0000E+00   0.0000E+00
25.950   0.0000E+00   0.0000E+00    0.0000E+00   0.0000E+00
26.050   0.0000E+00   0.0000E+00    0.0000E+00   0.0000E+00
26.150   0.0000E+00   0.0000E+00    0.0000E+00   0.0000E+00
26.250   0.0000E+00   0.0000E+00    0.0000E+00   0.0000E+00
26.350   0.0000E+00   0.0000E+00    0.0000E+00   0.0000E+00
26.450   0.0000E+00   0.0000E+00    0.0000E+00   0.0000E+00
26.550   0.0000E+00   0.0000E+00    0.0000E+00   0.0000E+00
26.650   0.0000E+00   0.0000E+00    0.0000E+00   0.0000E+00
26.750   0.0000E+00   0.0000E+00    0.0000E+00   0.0000E+00
26.850   0.0000E+00   0.0000E+00    0.0000E+00   0.0000E+00
26.950   0.0000E+00   0.0000E+00    0.0000E+00   0.0000E+00
27.050   0.0000E+00   0.0000E+00    0.0000E+00   0.0000E+00
27.150   0.0000E+00   0.0000E+00    0.0000E+00   0.0000E+00
27.250   0.0000E+00   0.0000E+00    0.0000E+00   0.0000E+00
27.350   0.0000E+00   0.0000E+00    0.0000E+00   0.0000E+00
27.450   0.0000E+00   0.0000E+00    0.0000E+00   0.0000E+00
27.550   0.0000E+00   0.0000E+00    0.0000E+00   0.0000E+00
27.650   0.0000E+00   0.0000E+00    0.0000E+00   0.0000E+00
27.750   0.0000E+00   0.0000E+00    0.0000E+00   0.0000E+00
27.850   0.0000E+00   0.0000E+00    0.0000E+00   0.0000E+00
27.950   0.0000E+00   0.0000E+00    0.0000E+00   0.0000E+00
28.050   0.0000E+00   0.0000E+00    0.0000E+00   0.0000E+00
28.150   0.0000E+00   0.0000E+00    0.0000E+00   0.0000E+00
28.250   0.0000E+00   0.0000E+00    0.0000E+00   0.0000E+00
28.350   0.0000E+00   0.0000E+00    0.0000E+00   0.0000E+00
28.450   0.0000E+00   0.0000E+00    0.0000E+00   0.0000E+00
28.550   0.0000E+00   0.0000E+00    0.0000E+00   0.0000E+00
28.650   0.0000E+00   0.0000E+00    0.0000E+00   0.0000E+00
28.750   0.0000E+00   0.0000E+00    0.0000E+00   0.0000E+00
28.850   0.0000E+00   0.0000E+00    0.0000E+00   0.0000E+00
28.950   0.0000E+00   0.0000E+00    0.0000E+00   0.0000E+00
29.050   0.0000E+00   0.0000E+00    0.0000E+00   0.0000E+00
29.150   0.0000E+00   0.0000E+00    0.0000E+00   0.0000E+00
29.250   0.0000E+00   0.0000E+00    0.0000E+00   0.0000E+00
29.350   0.0000E+00   0.0000E+00    0.0000E+00   0.0000E+00
29.450   0.0000E+00   0.0000E+00    0.0000E+00   0.0000E+00
29.550   0.0000E+00   0.0000E+00    0.0000E+00   0.0000E+00
29.650   0.0000E+00   0.0000E+00    0.0000E+00   0.0000E+00
29.750   0.0000E+00   0.0000E+00    0.0000E+00   0.0000E+00
29.850   0.0000E+00   0.0000E+00    0.0000E+00   0.0000E+00
29.950   0.0000E+00   0.0000E+00    0.0000E+00   0.0000E+00
30.050   0.0000E+00   0.0000E+00    0.0000E+00   0.0000E+00
30.150   0.0000E+00   0.0000E+00    0.0000E+00   0.0000E+00
30.250   0.0000E+00   0.0000E+00    0.0000E+00   0.0000E+00
30.350   0.0000E+00   0.0000E+00    0.0000E+00   0.0000E+00
30.450   0.0000E+00   0.0000E+00    0.0000E+00   0.0000E+00
30.550   0.0000E+00   0.0000E+00    0.0000E+00   0.0000E+00
30.650   0.0000E+00   0.0000E+00    0.0000E+00   0.0000E+00
30.750   0.0000E+00   0.0000E+00    0.0000E+00   0.0000E+00
30.850   0.0000E+00   0.0000E+00    0.0000E+00   0.0000E+00
30.950   0.0000E+00   0.0000E+00    0.0000E+00   0.0000E+00
31.050   0.0000E+00   0.0000E+00    0.0000E+00   0.0000E+00
31.150   0.0000E+00   0.0000E+00    0.0000E+00   0.0000E+00
31.250   0.0000E+00   0.0000E+00    0.0000E+00   0.0000E+00
31.350   0.0000E+00   0.0000E+00    0.0000E+00   0.0000E+00
31.450   0.0000E+00   0.0000E+00    0.0000E+00   0.0000E+00
31.550   0.0000E+00   0.0000E+00    0.0000E+00   0.0000E+00
31.650   0.0000E+00   0.0000E+00    0.0000E+00   0.0000E+00
31.750   0.0000E+00   0.0000E+00    0.0000E+00   0.0000E+00
31.850   0.0000E+00   0.0000E+00    0.0000E+00   0.0000E+00
31.950   0.0000E+00   0.0000E+00    0.0000E+00   0.0000E+00
32.050   0.0000E+00   0.0000E+00    0.0000E+00   0.0000E+00
32.150   0.0000E+00   0.0000E+00    0.0000E+00   0.0000E+00
32.250   0.0000E+00   0.0000E+00    0.0000E+00   0.0000E+00
32.350   0.0000E+00   0.0000E+00    0.0000E+00   0.0000E+00
32.450   0.0000E+00   0.0000E+00    0.0000E+00   0.0000E+00
32.550   0.0000E+00   0.0000E+00    0.0000E+00   0.0000E+00
32.650   0.0000E+00   0.0000E+00    0.0000E+00   0.0000E+00
32.750   0.0000E+00   0.0000E+00    0.0000E+00   0.0000E+00
32.850   0.0000E+00   0.0000E+00    0.0000E+00   0.0000E+00
32.950   0.0000E+00   0.0000E+00    0.0000E+00   0.0000E+00
33.050   0.0000E+00   0.0000E+00    0.0000E+00   0.0000E+00
33.150   0.0000E+00   0.0000E+00    0.0000E+00   0.0000E+00
33.250   0.0000E+00   0.0000E+00    0.0000E+00   0.0000E+00
33.350   0.0000E+00   0.0000E+00    0.0000E+00   0.0000E+00
33.450   0.0000E+00   0.0000E+00    0.0000E+00   0.0000E+00
33.550   0.0000E+00   0.0000E+00    0.0000E+00   0.0000E+00
33.650   0.0000E+00   0.0000E+00    0.0000E+00   0.0000E+00
33.750   0.0000E+00   0.0000E+00    0.0000E+00   0.0000E+00
33.850   0.0000E+00   0.0000E+00    0.0000E+00   0.0000E+00
33.950   0.0000E+00   0.0000E+00    0.0000E+00   0.0000E+00
34.050   0.0000E+00   0.0000E+00    0.0000E+00   0.0000E+00
34.150   0.0000E+00   0.0000E+00    0.0000E+00   0.0000E+00
34.250   0.0000E+00   0.0000E+00    0.0000E+00   0.0000E+00
34.350   0.0000E+00   0.0000E+00    0.0000E+00   0.0000E+00
34.450   0.0000E+00   0.0000E+00    0.0000E+00   0.0000E+00
34.550   0.0000E+00   0.0000E+00    0.0000E+00   0.0000E+00
34.650   0.0000E+00   0.0000E+00    0.0000E+00   0.0000E+00
34.750   0.0000E+00   0.0000E+00    0.0000E+00   0.0000E+00
34.850   0.0000E+00   0.0000E+00    0.0000E+00   0.0000E+00
34.950   0.0000E+00   0.0000E+00    0.0000E+00   0.0000E+00
35.050   0.0000E+00   0.0000E+00    0.0000E+00   0.0000E+00
35.150   0.0000E+00   0.0000E+00    0.0000E+00   0.0000E+00
35.250   0.0000E+00   0.0000E+00    0.0000E+00   0.0000E+00
35.350   0.0000E+00   0.0000E+00    0.0000E+00   0.0000E+00
35.450   0.0000E+00   0.0000E+00    0.0000E+00   0.0000E+00
35.550   0.0000E+00   0.0000E+00    0.0000E+00   0.0000E+00
35.650   0.0000E+00   0.0000E+00    0.0000E+00   0.0000E+00
35.750   0.0000E+00   0.0000E+00    0.0000E+00   0.0000E+00
35.850   0.0000E+00   0.0000E+00    0.0000E+00   0.0000E+00
35.950   0.0000E+00   0.0000E+00    0.0000E+00   0.0000E+00
36.050   0.0000E+00   0.0000E+00    0.0000E+00   0.0000E+00
36.150   0.0000E+00   0.0000E+00    0.0000E+00   0.0000E+00
36.250   0.0000E+00   0.0000E+00    0.0000E+00   0.0000E+00
36.350   0.0000E+00   0.0000E+00    0.0000E+00   0.0000E+00
36.450   0.0000E+00   0.0000E+00    0.0000E+00   0.0000E+00
36.550   0.0000E+00   0.0000E+00    0.0000E+00   0.0000E+00
36.650   0.0000E+00   0.0000E+00    0.0000E+00   0.0000E+00
36.750   0.0000E+00   0.0000E+00    0.0000E+00   0.0000E+00
36.850   0.0000E+00   0.0000E+00    0.0000E+00   0.0000E+00
36.950   0.0000E+00   0.0000E+00    0.0000E+00   0.0000E+00
37.050   0.0000E+00   0.0000E+00    0.0000E+00   0.0000E+00
37.150   0.0000E+00   0.0000E+00    0.0000E+00   0.0000E+00
37.250   0.0000E+00   0.0000E+00    0.0000E+00   0.0000E+00
37.350   0.0000E+00   0.0000E+00    0.0000E+00   0.0000E+00
37.450   0.0000E+00   0.0000E+00    0.0000E+00   0.0000E+00
37.550   0.0000E+00   0.0000E+00    0.0000E+00   0.0000E+00
37.650   0.0000E+00   0.0000E+00    0.0000E+00   0.0000E+00
37.750   0.0000E+00   0.0000E+00    0.0000E+00   0.0000E+00
37.850   0.0000E+00   0.0000E+00    0.0000E+00   0.0000E+00
37.950   0.0000E+00   0.0000E+00    0.0000E+00   0.0000E+00
38.050   0.0000E+00   0.0000E+00    0.0000E+00   0.0000E+00
38.150   0.0000E+00   0.0000E+00    0.0000E+00   0.0000E+00
38.250   0.0000E+00   0.0000E+00    0.0000E+00   0.0000E+00
38.350   0.0000E+00   0.0000E+00    0.0000E+00   0.0000E+00
38.450   0.0000E+00   0.0000E+00    0.0000E+00   0.0000E+00
38.550   0.0000E+00   0.0000E+00    0.0000E+00   0.0000E+00
38.650   0.0000E+00   0.0000E+00    0.0000E+00   0.0000E+00
38.750   0.0000E+00   0.0000E+00    0.0000E+00   0.0000E+00
38.850   0.0000E+00   0.0000E+00    0.0000E+00   0.0000E+00
38.950   0.0000E+00   0.0000E+00    0.0000E+00   0.0000E+00
39.050   0.0000E+00   0.0000E+00    0.0000E+00   0.0000E+00
39.150   0.0000E+00   0.0000E+00    0.0000E+00   0.0000E+00
39.250   0.0000E+00   0.0000E+00    0.0000E+00   0.0000E+00
39.350   0.0000E+00   0.0000E+00    0.0000E+00   0.0000E+00
39.450   0.0000E+00   0.0000E+00    0.0000E+00   0.0000E+00
39.550   0.0000E+00   0.0000E+00    0.0000E+00   0.0000E+00
39.650   0.0000E+00   0.0000E+00    0.0000E+00   0.0000E+00
39.750   0.0000E+00   0.0000E+00    0.0000E+00   0.0000E+00
39.850   0.0000E+00   0.0000E+00    0.0000E+00   0.0000E+00
39.950   0.0000E+00   0.0000E+00    0.0000E+00   0.0000E+00
